12.5836 434.649
13.5378 423.715
13.5547 454.247
13.5547 454.247
21.5387 798.001
25.2486 560.143
27.9517 447.425
27.9517 447.425
32.3199 452.877
33.8617 481.136
36.3888 461.492
36.3888 461.492
37.6773 472.578
37.8845 435.81
40.5212 998.332
40.5212 998.332
45.8865 482.854
49.7825 1070.36
50.7014 1074.07
56.0811 466.606
56.9831 1075.9
57.3313 1073.36
66.7983 794.545
72.062 549.59
75.259 575.974
75.259 575.974
83.5794 492.731
86.0899 480.702
86.8773 475.094
89.4099 502.836
96.3963 496.52
98.9328 513.755
99.067 555.674
100.79 469.933
103.56 792.653
103.599 512.112
105.164 558.925
106.359 504.313
110.534 575.992
110.534 575.992
111.819 791.051
112.764 474.016
116.742 463.448
121.012 471.366
125.499 528.061
126.133 449.608
127.866 458.398
130.306 788.169
130.906 497.463
131.478 508.341
132.448 472.16
133.078 445.973
134.016 636.731
134.457 436.155
135.013 484.796
136.697 454.116
144.469 482.562
145.355 785.644
145.511 466.351
145.511 466.351
145.961 453.712
146.539 444.184
146.764 424.303
146.827 617.724
146.902 575.932
147.505 670.116
150.076 435.966
151.913 473.72
152.497 458.899
156.112 957.805
157.132 481.129
157.132 481.129
157.946 466.732
158.531 488.477
159.37 430.235
160.115 507.727
160.695 452.041
162.291 532.736
162.291 532.736
163.806 501.247
166.021 421.203
166.11 617.974
166.621 653.339
168.427 485.477
168.502 463.663
170.654 442.854
170.654 442.854
170.948 498.112
171.582 448.267
171.582 448.267
171.925 569.935
172.271 437.179
172.271 437.179
175.581 504.419
175.756 487.826
177.214 430.795
179.297 496.247
181.235 549.014
181.235 549.014
181.76 544.554
183.824 686.083
184.873 495.805
189.529 521.68
189.529 521.68
189.907 454.922
193.349 541.63
193.349 541.63
195.704 418.113
195.704 418.113
196.06 440.629
196.43 580.343
197.455 511.544
200.107 714.713
201.098 653.254
202.086 560.911
202.086 560.911
203.601 599.327
204.915 728.58
207.954 474.381
208.588 509.715
208.703 447.334
209.134 523.818
209.134 523.818
212.131 551.859
212.131 551.859
212.173 579.257
212.367 703.799
212.59 439.788
216.222 595.094
216.314 460.667
216.479 484.359
216.748 397.51
216.748 397.51
216.748 397.51
216.982 503.102
218.315 479.02
218.563 577.832
219.781 522.449
220.331 538.529
222.752 378.901
222.756 573.306
222.87 435.655
223.023 356.935
223.023 356.935
223.023 356.935
223.212 541.298
223.675 712.765
224.03 532.396
224.109 559.149
224.859 498.991
225.17 441.117
225.17 441.117
226.104 368.239
226.874 471.306
226.896 783.283
227.195 487.215
227.415 468.946
227.854 566.712
228.01 460.379
228.379 545.911
228.379 545.911
232.374 394.229
235.342 505.999
235.698 593.672
235.799 479.935
236.135 231.769
236.135 231.769
236.317 448.227
238.156 363.978
239.518 700.583
239.521 605.966
239.537 492.545
240.392 390.875
240.505 547.412
240.848 582.004
241.14 380.328
241.14 380.328
241.14 380.328
241.153 540.793
241.297 350.505
241.612 400.458
241.974 460.034
241.974 460.034
242.07 443.235
242.843 558.876
244.035 552.909
245.691 533.29
245.691 533.29
245.944 250.079
246.093 486.908
246.485 711.457
246.699 444.845
246.699 444.845
247.21 472.181
247.246 500.281
248.047 518.452
248.047 518.452
249.455 561.877
249.622 581.571
250.766 591.286
251.192 481.67
252.234 440.277
252.965 543.681
253.929 533.187
253.929 533.187
253.935 391.488
254.645 317.697
255.413 309.395
256.225 487.937
256.768 760.816
257.512 567.029
257.615 409.004
258.554 473.993
258.554 473.993
259.389 636.915
259.437 481.981
259.437 481.981
263.223 498.241
263.979 432.656
264.051 425.862
264.206 598.215
264.308 582.978
265.559 290.145
266.928 478.452
268.207 580.906
268.786 535.859
268.873 522.823
269.159 323.685
269.885 563.436
270.011 348.829
270.657 481.457
270.871 335.943
271.431 576.274
271.585 697.763
271.832 417.985
272.645 367.507
272.969 334.715
272.979 559.143
273.179 250.477
273.638 439.605
273.776 269.461
273.989 354.718
274.026 385.125
274.996 288.984
274.998 470.104
275.464 590.142
276.602 533.668
277.295 606.052
277.306 510.39
277.768 327.891
278.347 308.882
279.481 452.451
279.537 403.182
279.547 531.189
279.636 392.467
279.877 480.772
279.958 524.093
280.359 585.273
280.359 585.273
280.411 346.184
280.95 501.451
280.988 720.745
281.063 492.209
281.063 492.209
281.367 544.283
282.379 611.455
283.372 290.761
283.768 440.369
284.462 566.755
285.154 332.229
285.829 510.157
288.272 429.182
288.272 429.182
288.289 406.021
288.345 385.676
288.345 385.676
288.362 369.238
288.552 475.293
289.112 448.243
289.112 448.243
289.372 508.286
289.715 362.951
289.715 362.951
289.937 343.296
289.937 343.296
290.526 421.831
291.103 237.305
291.103 237.305
291.6 321.964
291.863 760.515
292.281 554.057
292.525 521.981
292.689 500.826
292.954 511.064
292.963 375.145
293.285 516.321
293.614 542.818
293.614 542.818
293.648 375.905
293.842 366.558
294.33 589.786
294.516 534.708
294.972 561.32
295.075 474.234
295.184 269.698
295.436 695.342
296.106 356.744
296.106 356.744
296.399 336.492
296.961 530.651
297.007 695.803
297.757 304.027
298.386 465.328
298.386 465.328
298.788 310.675
299.001 411.005
299.001 411.005
299.052 317.247
299.101 444.689
299.79 485.639
300.056 577.788
300.355 428.195
300.466 523.218
300.921 404.94
301.09 353.135
301.682 538.708
301.836 762.309
301.836 762.309
302.636 517.022
302.636 517.022
302.78 326.648
302.78 326.648
302.954 558.373
302.957 537.92
302.957 537.92
304.435 313.091
304.585 420.706
306.1 480.402
306.286 520.977
306.292 501.373
306.594 257.293
307.002 565.015
307.434 358.251
308.102 529.095
308.102 529.095
308.465 480.224
309.772 274.772
309.772 274.772
310.09 756.676
310.325 245.247
310.501 400.58
310.596 524.431
310.953 539.137
311.023 545.514
311.14 310.457
311.248 525.699
311.71 515.642
311.906 364.478
312.528 556.389
312.882 382.164
312.906 415.163
313.469 532.532
313.954 429.73
314.117 489.472
315.533 528.416
315.571 549.95
315.571 549.95
315.571 549.95
315.617 480.346
316.001 340.398
316.571 291.368
317.219 219.955
317.59 456.654
320.216 539.881
320.911 530.579
321.086 527.718
321.178 517.802
321.826 419.59
322.103 585.639
322.103 585.639
322.668 328.724
322.668 328.724
322.756 451.943
322.933 546.739
323.576 456.874
323.61 553.547
323.783 437.432
323.852 568.757
323.906 233.685
323.906 233.685
324.039 405.752
324.039 405.752
324.753 305.166
324.89 447.408
324.89 447.408
324.964 464.273
325.518 265.828
326.163 477.609
326.199 695.283
326.546 507.59
326.546 507.59
326.998 396.622
327.699 608.569
328.18 298.268
328.72 706.14
328.95 534.063
328.95 534.063
329.89 271.32
329.902 454.937
330.221 430.738
330.259 415.426
331.002 554.363
331.146 322.9
332.421 439.789
333.081 216.107
333.218 398.849
334.089 479.538
334.611 524.42
334.649 425.398
335.251 260.805
335.251 260.805
335.258 552.961
335.425 439.347
335.674 615.447
335.674 615.447
335.723 505.055
335.777 602.076
335.777 602.076
335.81 245.709
335.831 497.138
335.979 272.781
335.979 272.781
336.192 434.314
336.239 413.527
336.325 488.221
336.383 563.583
336.695 579.167
337.008 541.036
337.027 462.491
337.381 568.506
337.98 532.856
338.147 502.375
338.755 302.849
339.719 431.959
340.114 515.838
341.405 744.549
342.535 349.098
342.694 501.842
342.889 567.022
343.242 415.993
343.518 416.056
343.518 416.056
344.117 475.429
344.868 525.3
344.903 496.577
345.135 570.089
345.195 492.652
345.366 452.734
345.374 549.412
345.58 486.44
345.66 533.241
346.13 544.311
346.457 573.59
346.457 573.59
346.545 298.099
346.661 463.61
346.864 231.813
347.138 378.25
347.138 378.25
347.57 463.016
347.603 442.83
347.75 303.154
348.294 294.153
348.312 311.459
348.357 273.77
349.623 539.66
349.623 539.66
349.693 416.08
349.693 416.08
351.227 403.171
351.497 498.719
352.159 500.306
352.177 506.231
352.343 575.739
352.382 461.613
352.814 574.381
352.814 574.381
352.925 474.907
353.906 361.893
354.441 433.093
354.441 433.093
354.514 445.574
354.514 445.574
354.553 318.027
354.624 578.527
355.109 345.103
355.448 526.897
355.448 526.897
355.685 500.011
355.799 328.378
356.322 583.324
356.785 382.31
357.015 514.394
357.054 298.148
357.327 259.934
357.367 422.35
357.369 476.375
357.457 544.277
357.51 388.505
357.822 544.426
357.918 536.213
358.073 337.318
358.073 337.318
359.798 439.159
359.801 505.399
359.858 463.46
360.244 549.095
360.244 549.095
361.345 427.533
361.345 427.533
361.39 585.675
361.39 585.675
362.001 312.78
362.268 473.355
362.448 481.882
362.448 481.882
363.053 608.844
363.053 608.844
363.366 460.082
363.402 379.072
364.564 398.196
365.479 351.213
365.479 351.213
365.64 350.774
365.64 350.774
367.102 228.643
367.41 303.976
367.521 493.013
369.604 342.098
369.788 285.405
369.971 337.191
369.971 337.191
370.278 371.254
370.912 576.861
370.993 443.905
371.274 325.198
371.274 325.198
371.455 558.683
371.455 558.683
371.851 391.774
372.217 306.238
373.519 535.793
373.656 414.803
374.184 553.478
374.31 474.666
374.33 504.406
374.406 526.125
374.914 639.083
375.157 468.421
375.597 575.384
375.694 586.016
375.929 513.323
376.475 546.07
377.017 423.903
377.171 654.594
377.245 267.033
378.555 403.319
378.565 539.037
378.565 539.037
379.317 456.632
379.582 335.695
379.769 302.575
379.774 498.879
379.797 602.01
379.797 602.01
379.973 478.459
380.134 533.669
380.44 506.431
380.935 435.329
381.46 592.208
382.442 341.762
383.53 581.139
383.53 581.139
384.805 546.695
385.223 471.267
385.354 345.54
385.57 526.706
386.052 391.372
386.152 240.611
386.371 487.476
386.371 487.476
386.672 411.553
387.037 509.745
387.121 441.994
387.21 517.355
387.459 553.314
387.482 351.1
388.089 563.67
388.943 431.807
389.044 299.158
389.433 419.079
389.801 413.711
390.603 506.926
391.376 497.557
392.233 350.193
392.64 343.103
392.789 596.317
393.166 230.306
393.206 577.622
393.39 365.955
393.867 515.595
394.404 586.801
394.671 551.431
394.691 477.855
394.691 477.855
394.784 559.319
395.209 581.778
395.447 533.011
395.677 391.909
395.709 501.725
395.78 408.255
395.78 408.255
395.958 570.431
395.958 570.431
396.06 517.128
396.329 385.06
396.341 575.796
396.432 518.141
396.443 595.739
396.454 302.023
396.534 497.995
397.031 356.655
397.401 492.186
398.067 421.133
398.067 421.133
398.339 411.924
398.847 548.836
399.024 293.181
399.024 293.181
399.273 458.468
399.291 344.955
399.526 566.611
399.526 566.611
399.796 309.893
399.796 309.893
399.934 491.32
399.934 491.32
400.072 467.328
400.223 515.893
401.048 539.34
401.079 534.855
401.251 645.771
401.301 410.003
401.57 507.938
401.584 259.987
401.599 321.092
401.813 210.004
402.405 478.546
402.405 478.546
402.41 372.691
402.41 372.691
402.829 464.351
402.986 345.229
403.483 329.968
404.286 412.487
404.738 554.162
405.306 491.58
406.049 327.694
406.394 334.298
406.663 281.795
406.917 466.214
406.951 326.073
407.508 296.662
407.508 296.662
407.689 532.874
407.973 597.529
408.027 390.931
408.477 567.904
408.934 346.347
409.086 592.095
409.122 578.45
409.143 613.135
409.196 585.277
409.196 585.277
409.738 333.433
410.186 550.967
410.755 579.831
411.011 457.593
411.167 502.461
411.167 502.461
411.702 419.147
411.702 419.147
411.795 676.836
411.987 469.933
412.16 400.593
412.16 400.593
412.535 440.108
412.717 528.892
412.786 247.211
412.907 451.235
413.032 507.702
414 587.599
414.189 290.782
414.24 511.927
414.509 352.41
414.512 533.631
414.749 566.215
414.845 545.984
415.472 396.932
415.472 396.932
415.496 601.905
416.008 490.182
416.163 522.6
416.163 522.6
416.163 522.6
416.252 204.596
416.266 344.953
416.589 538.873
417.106 584.01
417.106 584.01
417.278 414.485
418.405 460.955
418.73 324.161
419.309 621.952
419.966 494.911
420.377 381.404
420.381 588.009
420.814 571.663
421.118 475.353
421.276 310.128
421.467 557.884
421.71 331.205
421.949 446.809
422.068 439.707
422.111 504.471
422.768 338.686
422.872 550.318
423.63 425.499
423.651 266.783
424.013 290.067
424.094 505.619
424.285 579.028
424.285 579.028
424.412 511.046
425.209 412.124
425.552 421.793
425.891 417.357
425.891 417.357
426.452 219.125
426.452 219.125
426.521 557.841
426.804 614.026
427.216 276.288
427.357 426.893
427.363 461.431
427.371 402.915
427.371 402.915
427.72 455.103
427.774 574.731
427.774 574.731
427.894 377.524
428.077 496.836
428.077 496.836
428.427 392.457
428.427 392.457
428.553 402.499
428.639 373.095
428.639 373.095
428.639 373.095
428.764 212.682
429.045 550.19
429.899 543.54
431.274 302.132
431.403 316.314
431.566 584.031
431.566 584.031
431.637 479.11
432.341 521.658
432.345 559.347
432.748 596.004
432.86 488.173
432.954 421.645
432.954 421.645
433.013 439.325
433.013 439.325
434.372 307.296
434.378 562.927
434.417 346.275
434.417 346.275
435.209 553.236
435.664 514.887
436.113 237.902
436.301 568.196
436.441 560.648
436.578 362.292
436.611 433.992
436.959 367.601
436.959 367.601
437.244 495.576
437.749 725.813
437.759 561.089
437.928 466.577
437.928 466.577
438.675 387.272
438.675 387.272
438.711 276.659
438.955 373.255
439.09 425.901
439.397 494.597
439.414 412.912
439.644 585.825
439.972 579.818
440.189 442.355
440.759 225.854
440.781 573.572
440.785 528.791
440.785 528.791
441.072 436.854
441.162 261.923
441.387 479.124
442.022 341.355
442.196 414.945
442.356 536.03
442.377 535.922
442.377 535.922
442.55 501.11
442.868 335.061
442.974 577.601
442.992 688.012
443.211 419.243
443.256 470.891
443.297 292.781
443.405 490.721
443.505 368.977
444.482 546.145
444.482 546.145
444.828 568.469
445.148 496.182
445.661 255.813
445.704 456.943
445.761 354.58
445.761 354.58
446.031 242.536
446.031 242.536
446.193 407.387
446.412 484.87
446.52 432.086
446.547 272.7
446.826 581.561
447.032 412.876
447.139 587.734
447.269 706.763
447.924 343.156
447.924 343.156
448.028 556.578
448.268 399.908
448.268 399.908
448.268 399.908
448.904 228.549
449.032 422.751
449.638 374.033
450.174 567.968
450.654 356.789
451.009 564.336
451.455 527.703
451.455 527.703
451.477 325.688
451.66 425.971
452.049 413.083
452.349 572.892
452.555 475.027
452.675 381.649
452.806 582.334
452.843 482.482
453.546 437.094
453.974 511.598
454.526 487.917
454.621 544.352
454.653 571.265
454.656 537.047
454.665 499.825
455.138 494.891
455.138 494.891
455.19 415.463
455.553 382.386
455.974 573.917
456.257 263.88
456.257 263.88
456.278 516.145
456.293 558.594
456.503 523.925
456.87 506.516
456.87 506.516
457.076 502.411
457.117 534.521
457.572 685.148
458.264 450.92
458.264 450.92
458.264 450.92
459.29 447.322
459.29 447.322
459.857 465.826
459.928 412.178
460.019 483.821
460.104 692.916
460.445 561.726
460.445 561.726
460.814 432.008
460.994 582.136
460.994 582.136
461.184 594.182
461.21 518.488
461.291 297.403
461.564 333.296
461.596 564.795
461.596 564.795
461.893 438.287
461.893 438.287
462.163 321.23
462.449 493.818
462.478 348.71
462.696 530.913
463.006 575.46
463.384 549.46
463.762 394.471
463.835 477.493
463.873 430.245
463.897 287.836
463.928 306.321
464.403 449.013
464.403 449.013
465.108 278.818
465.127 598.733
465.696 302.578
465.87 348.551
465.87 348.551
466.12 343.562
466.182 454.643
466.467 507.235
466.496 331.308
466.988 583.593
467.031 699.418
467.461 560.293
467.461 560.293
467.773 234.235
468.177 518.204
468.177 518.204
468.23 357.854
468.23 357.854
468.333 471.663
468.618 484.049
468.725 254.776
469.079 451.731
469.113 502.665
469.646 679.441
470.059 405.68
470.287 505.943
470.425 443.094
470.651 351.951
471.374 259.035
471.461 447.92
471.528 414.51
471.787 457.413
472.105 495.263
472.164 593.226
472.191 564.723
472.254 476.466
472.462 345.97
472.701 489.39
472.731 451.775
472.731 451.775
472.831 525.267
472.867 362.028
473.921 514.61
473.978 460.918
474.381 482.583
474.568 539.72
475.164 562.145
475.164 562.145
475.216 438.378
475.274 438.808
475.529 365.805
475.593 500.173
475.593 500.173
475.872 242.773
476.609 510.398
476.609 510.398
476.717 573.015
476.717 573.015
476.717 573.015
476.777 329.012
476.958 591.44
477.197 445.237
478.216 520.422
478.216 520.422
478.553 504.269
478.814 518.398
478.814 518.398
479.064 426.101
479.235 449.863
479.484 491.562
479.485 539.355
480.041 355.267
480.315 276.873
480.339 407.67
480.899 467.648
481.107 420.278
482.081 287.689
482.604 257.431
482.759 438.448
482.759 438.448
482.77 462.655
482.775 520.83
482.775 520.83
482.805 334.526
483.188 309.498
483.602 475.161
483.618 580.088
484.272 604.253
484.35 587.652
484.546 573.784
484.654 273.417
484.717 415.741
485.082 507.154
485.082 507.154
485.1 452.008
485.121 375.771
485.121 375.771
485.639 561.343
485.899 524.57
486.043 443.274
486.918 589.851
487.341 428.863
487.963 277.524
488.36 472.347
489.346 460.714
489.346 460.714
489.733 482.218
489.754 490.366
490.236 525.792
490.494 586.023
490.899 453.361
490.954 427.624
491.253 580.163
491.253 580.163
491.507 560.992
492.064 464.174
492.088 543.761
492.174 504.191
492.266 475.929
492.323 361.78
492.353 469.69
492.354 242.569
492.821 571.543
492.875 519.135
493.061 318.31
493.089 304.849
493.089 304.849
493.393 345.592
493.669 589.173
493.767 311.579
494.072 524.934
494.515 519.07
495.041 493.878
495.535 487.228
495.719 316.844
495.757 294.099
495.869 399.775
496.231 540.986
496.633 426.705
496.75 462.742
496.75 462.742
496.794 476.738
497.382 353.472
497.382 353.472
497.507 252.449
497.532 490.583
497.85 308.183
498.173 527.418
498.235 481.306
498.235 481.306
498.651 532.837
499.007 594.947
499.677 273.526
500.136 317.998
500.136 317.998
501.503 543.389
501.661 247.81
501.661 247.81
501.689 469.876
501.76 402.839
502.466 585.861
502.858 556.144
503.579 501.755
504.005 280.644
504.433 409.059
504.433 409.059
505.32 511.955
505.457 520.706
505.618 578.029
505.731 549.859
506.069 265.657
506.267 557.879
506.267 557.879
506.273 458.589
506.69 395.211
506.91 360.599
507.04 354.025
507.711 533.071
508.077 421.42
508.511 478.571
508.526 553.621
509.078 517.605
509.117 521.994
509.326 547.241
509.47 341.345
509.701 487.985
509.701 487.985
509.701 487.985
511.51 510.564
511.67 404.978
511.991 578.755
511.995 542.509
512.796 514.235
513.727 415.106
514.168 342.62
514.414 585.644
514.892 436.252
514.892 436.252
514.923 424.793
515.006 517.85
515.006 517.85
515.943 556.484
516.433 333.898
516.472 405.421
517.897 519.864
518.07 359.9
518.526 572.413
520.41 365.206
521.972 579.397
525.126 513.454
525.679 365.943
526.9 357.839
528.292 543.409
529.561 349.174
530.027 593.386
532.529 353.669
534.206 527.817
534.964 519.677
535.293 507.028
535.293 507.028
536.464 510.986
538.878 685.604
539.759 588.414
539.915 518.886
541.369 566.162
541.665 610.78
541.714 477.234
541.996 548.049
542.027 547.74
544.047 520.574
545.896 541.956
545.896 541.956
549.137 602.123
549.203 657.915
550.816 532.233
552.872 590.848
554.931 679.326
555.473 522.319
555.834 586.967
556.491 531.948
556.491 531.948
556.943 643.575
557.613 624.423
559.941 579.611
560.069 579.916
560.147 601.668
561.896 574.608
562.114 688.905
563.295 714.753
563.587 542.751
563.587 542.751
563.693 596.818
564.82 639.435
565.021 579.572
566.281 586.59
566.785 556.416
566.953 591.753
567.649 632.336
567.983 533.995
568.896 580.163
569.435 528.354
570.977 675.767
571.993 551.474
573.729 528.645
573.79 512.696
573.79 512.696
573.943 688.793
574.113 568.088
575.725 553.544
575.835 563.988
576.328 574.779
576.58 595.811
576.58 595.811
577.333 583.912
577.675 524.721
578.456 613.718
578.456 613.718
578.456 613.718
578.485 550.786
579.013 512.495
579.224 506.528
579.569 521.51
580.281 539.999
580.441 640.492
580.441 640.492
581.119 554.141
582.32 709.948
582.362 547.549
582.362 547.549
582.973 597.505
583.609 587.808
584.1 575.627
584.82 526.497
584.821 552.622
585.2 713.02
585.531 579.553
585.531 579.553
585.599 506.399
585.992 513.393
586.023 571.39
586.151 521.621
586.834 544.355
586.906 583.544
587.115 547.922
588.324 669.496
588.414 529.498
588.866 561.963
590.106 518.03
590.679 495.369
591.319 560.686
591.417 568.936
591.744 680.104
591.87 609.37
593.577 542.157
593.614 583.875
593.901 518.182
594.035 508.53
595.482 551.321
596.281 493.656
596.69 553.283
597.211 480.923
597.943 477.982
597.943 477.982
598.101 524.515
598.842 494.44
599.323 588.916
599.887 521.709
600.192 535.578
600.742 518.527
600.852 540.17
601.021 528.141
601.021 528.141
601.333 583.572
602.003 559.076
602.491 523.059
602.74 584.996
603.295 565.887
603.863 536.283
603.867 542.463
605.408 589.456
606.115 581.219
606.461 492.359
607.28 548.993
607.326 534.977
607.567 506.585
607.671 528.847
607.836 520.332
608.842 484.296
608.93 496.833
608.975 496.909
609.459 515.497
609.993 560.076
610.444 508.463
610.444 508.463
610.867 542.708
610.867 542.708
611.234 533.922
611.234 533.922
611.762 528.705
611.935 800.988
612.83 551.513
613.152 521.269
613.152 521.269
613.294 516.483
614.273 547.759
614.458 512.379
615.377 672.393
615.871 800.658
616.455 528.138
616.997 545.282
618.33 541.985
619.062 492.041
619.088 548.77
619.325 527.919
619.824 497.802
619.87 539.534
620.036 550.171
620.329 628.196
620.329 628.196
621.141 559.218
621.306 503.284
621.681 798.075
621.991 537.69
622.007 513.009
622.908 490.397
622.908 490.397
623.028 507.341
623.715 681.997
624.406 528.602
624.66 524.498
626.944 623.084
628.139 702.391
628.336 797.795
628.581 518.433
628.631 594.793
629.089 513.066
630.084 522.885
630.084 522.885
634.831 558.85
635.494 523.205
637.858 553.981
638.53 541.834
639.643 590.051
640.741 698.296
643.455 572.43
645.085 750.141
645.099 583.814
645.809 440.445
645.809 440.445
653.35 795.737
655.062 605.199
656.099 607.808
656.25 595.951
658.984 793.218
659.606 586.743
663.656 583.199
666.608 699.536
670.839 785.923
671.033 649.158
671.033 649.158
673.372 551.25
673.372 551.25
673.909 593.091
674.142 563.395
674.737 582.427
676.621 573.135
676.621 573.135
677.049 641.919
677.049 641.919
677.204 565.794
678.02 587.823
678.485 563.424
679.761 571.422
682.077 558.344
684.12 565.809
684.291 549.336
685.716 594.616
688.381 709.862
689.055 553.559
689.1 550.508
689.201 642.789
689.65 565.123
689.92 642.238
691.025 571.646
691.025 571.646
693.631 553.207
693.631 553.207
693.749 659.264
694.749 590.592
697.226 565.727
697.978 626.89
698.091 555.932
698.571 787.481
698.571 787.481
699.188 563.083
699.289 578.701
701.989 667.559
702.262 591.351
702.949 566.413
703.596 547.02
703.88 654.53
705.111 563.612
705.111 563.612
705.775 555.712
705.775 555.712
705.775 555.712
705.925 588.403
706.839 571.63
707.201 548.804
707.658 663.283
707.826 538.447
708.537 590.749
709.062 577.937
709.533 569.701
710.192 529.968
710.2 535.706
710.2 535.706
712.643 572.233
712.758 678.809
712.998 586.013
713.158 557.987
713.799 562.474
714.253 537.814
715.045 684.76
715.644 589.651
716.059 584.128
716.908 594.15
717.061 790.078
717.061 790.078
717.2 558.376
717.28 527.607
717.637 566.724
717.637 566.724
717.637 566.724
717.853 583.654
719.899 550.552
719.977 594.87
720.112 561.441
720.302 522.307
720.329 665.022
722.957 583.547
723.136 595.204
723.136 595.204
723.333 554.761
723.343 571.917
723.479 534.702
723.62 578
723.713 542.331
724.604 678.794
725.046 288.037
726.102 685.946
726.102 685.946
726.3 224.415
726.519 571.866
726.545 555.91
726.646 550.86
726.684 180.389
727.873 84.0603
727.909 99.2475
729.261 229.025
729.389 770.246
729.389 770.246
729.576 179.009
730.621 698.588
732.403 639.244
732.704 719.045
733.108 695.185
733.517 299.498
733.782 67.8724
733.782 67.8724
734.536 57.2533
734.536 57.2533
735.943 689.064
736.124 302.508
736.632 248.604
737.048 220.654
737.503 114.606
737.584 104.421
737.667 551.073
738.169 673.914
738.182 543.685
738.519 565.185
738.616 524.266
738.715 535.896
738.93 523.417
739.082 677.587
739.601 592.722
739.878 578.824
740.19 686.045
740.228 62.8826
741.224 63.5916
741.723 527.015
741.723 527.015
742.609 677.763
742.74 543.272
742.83 550.555
743.662 575.71
744.57 797.131
744.57 797.131
744.681 555.997
745.781 681.891
745.988 800.547
746.337 568.451
746.685 539.758
746.902 564.038
746.902 564.038
747.216 695.998
747.216 695.998
748.287 575.753
750.497 674.059
750.759 661.614
750.956 561.399
751.132 592.994
757.07 520.762
757.07 520.762
758.108 636.203
762.223 60.9931
762.319 584.965
762.531 50.9637
763.817 645.306
764.13 766.5
764.13 766.5
764.802 719.67
765.627 565.096
765.627 565.096
765.627 565.096
766.93 631.27
768.176 636.969
769.272 780.14
769.973 692.238
770.312 592.416
771.779 641.363
771.802 802.208
772.569 670.192
773.969 797.8
774.437 591.949
774.457 583.482
774.457 583.482
774.733 636.959
775.624 639.174
776.15 651.267
776.934 632.027
776.934 632.027
777.638 518.479
779.058 548.389
779.277 642.974
779.277 642.974
780.786 677.342
781.731 771.856
781.731 771.856
783.897 502.088
783.897 502.088
784.141 670.825
784.141 670.825
784.447 534.94
784.447 534.94
784.447 534.94
784.631 51.163
784.954 584.192
784.954 584.192
787.141 567.573
787.189 589.556
787.849 643.923
788.888 518.496
788.888 518.496
789.215 646.435
789.911 571.47
791.419 501.366
791.833 59.5176
791.913 585.797
793.073 445.302
793.49 655.633
794.798 576.319
794.803 581.649
795.545 781.566
795.545 781.566
796.505 574.014
796.555 637.669
797.508 675.656
797.682 667.426
798.026 803.231
798.554 566.882
798.919 660.071
799.263 578.344
799.263 578.344
799.377 554.424
799.521 762.418
800.356 571.514
800.425 1068.51
801.797 581.636
803.609 798.784
803.733 573.958
804.041 584.849
804.139 563.959
804.139 563.959
806.561 583.975
807.282 573.937
807.741 578.844
808.096 795.313
808.244 802.592
808.953 656.258
809.051 771.3
809.051 771.3
809.657 585.465
809.768 565.604
810.102 564.805
810.503 570.113
810.609 1071.81
811.421 791.531
811.421 791.531
811.811 763.056
812.166 582.815
812.347 770.065
812.438 654.813
815.274 587.589
815.547 559.357
818.524 584.414
818.881 575.057
819.069 786.133
819.069 786.133
821.074 570.927
821.338 652.095
821.38 580.525
821.38 580.525
821.543 569.844
821.975 574.363
822.471 577.64
825.594 655.021
825.649 481.222
826.278 576.564
827.501 460.79
829.066 486.108
829.066 486.108
829.514 448.781
829.519 438.22
829.562 732.516
829.562 732.516
830.325 587.858
830.603 577.581
831.417 464.601
831.462 427.551
831.599 800.285
831.599 800.285
831.802 776.737
831.802 776.737
832.539 571.069
832.776 474.347
833.207 535.613
833.349 442.719
833.511 442.801
833.813 456.277
833.839 802.665
834.066 448.173
834.135 576.136
834.572 412.084
834.925 483.367
834.925 483.367
834.947 452.681
834.947 452.681
835.219 488.149
837.628 428.345
838.683 480.544
839.906 411.058
839.935 793.469
840.081 426.795
841.412 497.577
841.58 574.088
842.197 779.748
842.839 406.547
842.839 406.547
842.88 478.69
843.608 501.629
843.608 501.629
844.035 512.38
844.091 488.253
844.322 1063.03
844.325 444.283
844.325 444.283
844.376 423.037
844.376 423.037
844.498 508.178
848.277 403.078
848.363 569.861
849.279 576.261
849.576 669.928
849.7 417.745
849.887 1055.63
850.251 428.489
850.288 503.262
850.733 652.471
850.943 466.596
852.122 481.869
852.453 400.797
852.756 498.488
852.956 551.647
853.177 468.156
853.701 1049.19
853.815 441.816
853.924 480.846
854.127 480.711
854.465 495.275
854.713 425.893
855.19 395.597
855.213 487.676
855.262 471.386
856.324 391.048
856.688 496.201
856.688 496.201
856.867 386.204
856.986 555.002
857.411 1072.01
857.524 542.068
857.745 565.603
858.843 428.543
859.192 492.071
859.226 548.802
859.226 548.802
859.354 465.985
859.377 498.023
859.657 494.902
859.681 504.986
859.796 449.083
860.706 554.585
860.832 393.512
860.832 393.512
861.543 437.315
861.589 386.718
861.644 421.217
861.785 381.564
861.813 543.608
861.984 482.217
862.369 489.249
862.369 489.249
862.498 498.804
862.82 502.945
863.07 536.068
863.492 478.058
863.619 546.39
863.753 965.789
863.917 804.536
864.131 1034.3
864.26 647.718
864.453 540.845
864.714 486.87
864.714 486.87
864.863 395.457
864.905 508.361
864.918 443.799
865.331 1061.43
865.469 458.906
865.529 450.634
866.392 469.102
866.392 469.102
866.437 461.742
866.463 498.995
866.463 498.995
866.482 454.912
866.482 454.912
866.482 454.912
866.704 434.669
867.038 796.873
867.038 796.873
867.808 494.279
867.868 488.431
867.893 532.507
868.541 722.59
868.541 722.59
868.596 484.701
868.601 800.163
868.715 782.362
868.715 782.362
868.834 441.15
868.834 441.15
868.921 476.257
869.195 481.207
869.284 503.379
869.41 554.874
870.164 541.985
870.39 536.363
870.577 471.843
870.658 468.614
870.856 453.458
870.991 490.998
871.176 385.178
871.989 465.427
872.216 380.941
872.216 380.941
872.562 445.11
872.994 540.139
873.313 501.062
873.313 501.062
873.985 450.407
873.985 450.407
874.361 674.564
874.438 1028.3
874.457 531.65
874.525 547.944
874.576 516.621
874.834 453.909
874.834 453.909
875.24 462.475
875.455 1050.52
875.455 1050.52
875.468 458.831
875.471 474.342
875.879 542.436
876.094 406.283
876.165 480.919
876.233 384.84
876.401 529.132
876.561 496.935
877.044 526.312
877.325 520.458
877.329 470.587
877.637 1057.64
877.917 441.224
878.04 452.431
878.389 508.558
878.416 944.059
878.491 396.338
878.639 491.591
878.836 484.553
879.17 488.33
879.628 459.275
879.77 378.348
879.979 648.207
879.981 368.993
880.362 515.382
880.457 785.497
880.457 785.497
880.807 412.53
880.807 412.53
880.823 533.388
881.124 467.636
881.92 453.938
881.924 448.221
882.637 530.564
882.803 537.049
882.803 537.049
883.47 494.781
883.475 543.646
883.509 1046.23
883.587 1015.38
883.705 807.042
883.823 449.323
884.326 491.613
884.685 363.646
885.078 1002.97
885.202 370.086
885.521 439.939
885.893 503.799
885.927 1054.08
885.978 378.219
886.293 469.635
886.465 446.288
886.55 419.215
886.76 415.065
886.76 415.065
886.901 478.752
887.916 943.03
887.916 943.03
887.916 943.03
887.952 452.898
888.097 491.47
888.143 525.108
888.176 475.214
888.349 943.009
888.349 943.009
888.349 943.009
888.559 520.225
888.559 520.225
889.26 459.641
889.47 363.067
889.594 531.017
889.634 480.521
889.968 400.055
890.045 463.54
890.069 803.845
890.199 790.305
890.492 471.4
890.504 449.056
890.504 449.056
891.207 498.626
891.622 483.272
891.967 522.416
892.16 945.331
892.509 837.796
892.509 837.796
892.509 837.796
892.809 445.983
893.034 516.137
893.094 441.226
893.094 441.226
893.194 774.184
893.332 991.037
894.024 455.118
894.035 459.19
894.106 353.219
894.107 469.764
894.127 491.535
894.392 465.958
894.503 481.279
894.503 481.279
895.297 526.364
895.668 498.89
895.668 498.89
896.654 495.022
896.673 486.234
896.971 360.102
897.109 839.596
897.159 796.879
897.159 796.879
897.193 463.137
897.646 477.186
897.966 769.658
898.247 782.732
898.251 451.471
898.548 413.944
898.548 413.944
898.727 1022.16
898.773 454.207
899.1 508.755
899.419 946.877
899.573 457.969
899.574 440.698
900.145 981.86
900.166 950.178
900.175 490.718
900.175 490.718
900.199 474.319
900.222 646.875
900.305 435.659
901.015 419.479
901.264 486.747
901.264 486.747
901.372 506.516
901.82 350.93
901.845 450.006
901.845 450.006
902.172 460.912
902.172 460.912
902.388 520.951
902.49 471.728
903.04 427.316
903.095 765.418
903.095 765.418
903.348 431.82
903.448 665.877
903.5 446.454
903.587 468.377
903.632 417.931
903.684 442.936
904.505 516.836
904.699 421.44
904.896 972.917
905.092 526.55
905.096 529.932
905.257 479.58
905.434 996.471
905.575 447.4
905.634 438.993
905.665 353.699
906.121 457.695
906.609 430.503
906.609 430.503
906.673 1059.46
906.758 464.044
907.295 471.081
907.451 345.964
908.702 435.399
908.717 1024.36
908.76 1024.36
909.582 490.989
909.699 487.303
909.699 487.303
910.87 759.592
911.037 500.453
911.037 500.453
911.267 435.068
911.346 469.915
911.477 549.374
911.477 549.374
911.477 549.374
911.481 784.35
911.481 784.35
911.519 351.348
911.519 351.348
911.583 527.264
911.646 427.27
911.648 351.967
911.648 351.967
911.702 448.073
911.783 521.417
911.783 521.417
911.834 348.448
911.877 477.28
911.877 477.28
912.186 439.039
912.186 439.039
912.226 513.9
912.443 496.802
913.179 1026.24
913.179 1026.24
913.38 455.773
913.761 998.971
913.767 421.59
914.773 530.069
914.871 511.541
914.925 470.143
915.059 449.374
915.073 1072.29
915.087 542.487
915.087 542.487
915.261 590.728
915.367 519.626
915.368 756.887
915.368 756.887
915.395 441.612
915.395 441.612
915.422 590.744
915.773 1034.82
915.954 455.842
915.975 465.961
915.994 1003.21
916.346 503.231
916.527 349.11
917.284 427.522
917.432 533.273
917.455 524.133
917.81 422.203
917.81 422.203
917.991 777.55
918.177 1075.59
918.704 754.943
919.121 776.29
919.285 530.456
919.299 517.922
919.364 456.994
919.364 456.994
919.768 987.74
919.929 805.798
919.994 444.915
920.08 427.079
920.174 426.662
920.715 405.446
921.211 501.168
921.34 1065.57
921.485 460.738
921.485 460.738
921.968 402.505
922.345 428.508
922.562 487.865
922.855 959.13
923.182 469.332
923.187 417.1
923.547 507.688
923.547 507.688
923.997 457.125
924.175 473.08
924.338 440.164
924.338 440.164
924.397 511.607
924.445 1072.57
924.511 493.057
924.68 1075.37
924.874 801.867
925.428 541.325
925.448 771.115
925.598 466.81
925.816 731.045
925.816 731.045
925.938 499.607
926.461 809.8
926.551 452.817
926.684 1032.03
926.774 489.437
927.439 481.334
927.611 430.113
927.903 511.97
927.964 985.144
928.326 418.191
928.38 523.034
928.691 495.857
928.917 471.123
929.287 439.904
929.347 358.073
929.49 486.128
929.723 504.527
929.723 504.527
929.804 455.732
929.925 598.486
930.451 537.57
930.543 1029.68
930.903 408.289
931.103 490.169
931.377 613.356
932.41 459.65
932.455 748.352
932.614 424.871
932.815 466.607
933.296 978.904
933.568 452.755
933.827 473.669
933.951 535.783
933.951 535.783
934.081 512.399
934.081 512.399
934.149 438.3
934.163 417.791
934.266 444.703
934.266 444.703
934.326 741.43
934.326 741.43
934.331 791.023
934.331 791.023
934.356 478.651
934.546 431.971
934.546 431.971
934.814 531.626
934.844 762.486
934.844 762.486
934.979 966.581
935.118 734.212
935.391 955.715
935.513 545.03
935.784 502.392
935.784 502.392
935.878 354.528
936.595 377.622
936.745 464.034
936.777 482.415
937.129 496.732
937.598 422.325
937.598 422.325
937.633 971.587
937.705 477.053
937.863 538.532
937.863 538.532
938.019 449.327
938.035 623.893
938.035 623.893
938.035 519.667
938.035 519.667
938.073 443.331
938.383 534.034
938.849 939.13
938.928 493.346
938.95 471.844
938.991 488.433
938.991 488.433
939.067 452.83
939.257 548.039
939.476 433.644
939.574 993.397
939.808 525.54
939.927 408.757
940.036 351.778
940.252 505.16
940.252 505.16
940.375 958.992
940.512 543.938
941.197 535.668
941.826 460.013
941.845 348.295
942.019 531.658
942.371 449.649
942.579 974.769
942.604 410.333
942.894 442.43
943.209 1013.49
943.352 523.221
943.352 523.221
943.409 427.228
943.682 928.967
943.788 351.012
943.793 354.699
943.807 492.242
944.187 452.643
944.331 738.916
944.411 440.075
944.489 735.866
944.569 529.057
944.569 529.057
944.593 997.53
944.658 446.407
944.658 446.407
944.658 446.407
944.868 506.191
945.074 779.197
945.074 779.197
945.598 487.237
945.775 720.86
946.042 794.865
946.042 794.865
946.1 429.325
946.222 457.878
946.503 417.294
946.53 520.509
946.654 500.449
946.976 536.334
946.976 536.334
947.064 411.478
947.064 411.478
947.141 467.742
947.242 542.615
947.242 542.615
947.761 405.102
947.998 436.49
948.317 444.001
948.527 483.976
948.721 530.115
949.247 434.874
949.247 434.874
949.247 434.874
949.283 472.203
949.499 975.801
949.499 975.801
949.647 340.119
949.814 452.527
950.024 419.933
950.202 494.641
950.245 533.533
950.27 408.37
950.27 408.37
950.305 543.004
950.416 414.006
951.041 423.728
951.041 423.728
951.344 547.259
951.367 449.131
951.541 464.945
951.634 443.907
951.634 443.907
951.634 443.907
951.861 805.339
952.197 458.358
952.438 347.719
952.656 497.244
952.949 406.748
952.949 406.748
952.994 803.212
953.475 417.047
953.481 486.577
953.962 812.324
953.977 972.331
954.057 510.124
954.128 535.525
954.161 468.507
954.603 491.738
954.612 967.871
954.849 453.039
955.164 341.661
955.164 341.661
955.564 409.682
955.564 409.682
955.753 361.5
956.053 804.844
956.376 446.808
956.401 496.723
956.401 496.723
956.443 405.867
956.493 783.506
956.493 783.506
956.65 542.383
956.669 800.258
956.669 800.258
956.74 529.991
956.919 982.628
957.107 441.905
957.107 441.905
957.319 537.908
957.785 468.717
957.808 504.017
957.834 413.686
958.043 523.125
958.043 523.125
958.648 457.15
958.84 364.66
958.864 435.978
958.864 435.978
959.398 518.023
959.539 532.23
960.021 449.437
960.096 473.857
960.373 439.546
960.373 439.546
960.504 547.41
960.531 424.984
960.548 419.921
961.071 733.967
961.248 523.311
961.289 347.381
961.741 442.907
961.741 442.907
961.824 494.269
961.93 498.293
962.165 503.051
962.165 503.051
962.291 351.783
962.393 517.272
962.393 517.272
962.836 468.286
962.836 468.286
963.055 534.281
963.115 408.758
963.182 425.702
963.182 425.702
963.247 447.96
963.247 447.96
963.889 918.214
963.928 558.527
964.089 924.99
964.439 377.851
964.695 626.724
964.714 431.527
964.845 482.505
965.055 529.686
965.258 348.588
965.473 345.164
965.549 450.914
965.586 475.779
965.804 444.932
965.826 522.356
965.826 522.356
965.831 929.902
965.837 421.089
966.438 495.206
966.438 495.206
966.459 459.516
966.698 426.837
966.951 479.6
967.045 725.743
967.045 725.743
967.456 435.051
968.539 532.554
968.542 417.546
968.682 515.663
968.916 951.246
969.047 787.105
969.047 787.105
969.216 804.014
969.331 474.434
969.505 1041.73
969.615 428.814
969.729 413.803
969.729 413.803
970.347 611.646
970.582 345.008
970.65 409.596
970.933 755.469
970.933 755.469
971.541 519.088
971.541 519.088
971.63 468.832
971.63 468.832
971.63 468.832
971.664 512.651
971.664 512.651
971.664 512.651
972.096 783.428
972.107 419.261
972.107 419.261
972.56 494.012
972.591 435.517
972.591 435.517
972.893 341.499
972.926 481.303
972.926 481.303
973.033 418.013
973.294 497.248
973.305 606.952
973.347 448.063
973.63 812.574
974.048 501.899
974.4 471.475
974.424 520.708
974.424 520.708
974.979 456.953
975.779 460.432
975.792 451.989
975.856 427.75
975.856 427.75
975.948 496.625
975.952 882.872
976.047 484.528
976.275 436.54
976.278 762.26
976.285 359.095
976.285 359.095
976.99 413.172
977.018 962.304
977.018 962.304
977.018 962.304
977.085 612.269
977.168 454.683
977.215 523.131
977.511 513.289
977.777 419.149
977.777 419.149
977.777 419.149
977.922 478.74
978.282 525.567
978.282 525.567
978.282 525.567
978.338 775.351
978.338 775.351
978.427 493.472
978.572 469.858
978.985 447.481
979.072 516.388
979.072 516.388
979.357 463.407
979.357 463.407
979.357 463.407
979.449 436.052
979.533 360.908
980.255 389.89
980.255 389.89
980.523 809.203
980.893 485.193
980.893 485.193
981.432 620.107
981.546 458.441
981.546 458.441
981.588 913.681
981.815 438.595
981.879 414.376
982.525 789.056
982.525 789.056
982.562 432.326
982.732 474.154
982.732 474.154
983.087 441.514
983.178 467.905
983.224 423.422
983.224 423.422
983.39 945.482
983.949 493.022
984.951 428.024
985.381 448.377
985.403 465.033
985.59 419.9
985.591 629.784
985.591 629.784
985.814 460.241
985.825 453.359
985.855 803.805
985.855 803.805
986.083 433.772
986.083 433.772
986.256 471.884
987.173 521.905
987.563 910.579
987.6 347.714
987.6 347.714
988.343 498.537
988.998 441.528
989.803 426.945
990.091 472.23
990.905 422.458
991.034 610.703
991.327 464.104
991.565 352.007
991.574 946.631
993.165 432.769
993.165 432.769
993.165 432.769
993.359 920.861
993.608 440.994
993.608 440.994
993.911 1029.91
994.035 446.163
994.398 351.235
994.846 462.151
994.846 462.151
995.117 426.684
995.427 456.651
995.643 410.017
995.643 410.017
995.994 628.574
996.567 755.901
997.227 436.832
997.227 436.832
997.601 459.72
998.281 911.377
998.442 905.671
998.476 419.11
999.773 426.353
999.911 350.523
999.919 496.056
1000.3 360.137
1000.81 446.975
1000.94 433.203
1001.48 472.493
1001.96 782.022
1001.96 782.022
1002.18 444.308
1002.49 460.143
1002.52 475.738
1002.88 443.087
1003.02 369.661
1003.03 850.619
1003.03 850.619
1003.07 451.443
1003.42 516.562
1003.56 424.33
1003.57 356.802
1003.7 436.235
1003.7 436.235
1003.7 436.235
1004.22 428.915
1004.28 456.546
1004.28 456.546
1004.61 445.29
1004.85 419.782
1004.85 419.782
1004.85 419.782
1005.14 472.91
1005.44 734.818
1005.69 477.204
1006.07 618.541
1006.12 753.743
1006.12 753.743
1007.07 1065.54
1007.49 437.763
1007.64 357.319
1007.64 357.319
1008.63 423.905
1008.82 374.832
1008.9 467.086
1008.91 431.272
1009.99 469.597
1010.14 367.223
1010.25 391.528
1010.97 425.465
1011.41 529.849
1011.51 472.317
1011.74 811.039
1011.74 811.039
1012.07 590.985
1012.07 590.985
1012.07 476.123
1012.43 630.791
1012.65 363.133
1012.84 465.999
1013.01 946.389
1013.01 946.389
1013.29 546.857
1013.35 411.039
1013.44 384.461
1013.48 579.457
1013.97 436.183
1014.04 404.48
1014.16 431.065
1015.15 783.758
1015.37 452.076
1015.37 452.076
1015.72 590.258
1015.98 378.288
1016.34 803.792
1016.34 803.792
1016.58 908.103
1016.58 908.103
1016.78 406.743
1017.16 637.063
1017.31 475.532
1017.58 904.907
1017.96 467.222
1018.28 552.617
1018.28 552.617
1018.84 630.497
1019.17 569.22
1019.17 569.22
1019.18 440.247
1019.37 460.613
1019.37 460.613
1019.55 760.592
1019.63 856.819
1019.71 609.486
1019.71 740.408
1020.1 386.898
1020.16 646.295
1020.33 472.308
1020.33 472.308
1020.37 398.239
1020.37 398.239
1020.37 398.239
1020.81 476.358
1021.37 549.505
1021.37 549.505
1021.43 453.819
1021.44 860.497
1021.58 446.055
1021.63 816.121
1021.85 796.913
1023.87 370.522
1023.87 370.522
1023.92 627.103
1023.94 440.041
1024.01 590.014
1024.01 590.014
1024.24 451.711
1024.25 857.212
1024.45 473.871
1024.91 599.17
1024.91 607.484
1024.91 607.484
1025.11 460.817
1025.8 635.278
1026.33 425.601
1026.39 755.612
1026.47 435.264
1026.5 376.955
1026.68 423.07
1026.89 397.417
1026.94 477.726
1027.15 430.487
1027.5 472.156
1027.61 373.535
1027.73 382.681
1028.13 382.181
1028.45 810.534
1028.55 442.883
1028.85 451.316
1029.46 489.146
1029.57 409.505
1030 780.683
1030 780.683
1030.02 757.226
1030.56 463.987
1030.87 754.187
1030.97 401.979
1031.43 895.744
1031.43 895.744
1031.56 476.858
1031.91 444.261
1031.91 444.261
1033.21 635.268
1033.52 815.46
1033.57 585.986
1033.6 548.447
1033.84 394.856
1034.02 454.075
1034.42 497.781
1035.07 447.27
1035.08 776.159
1035.19 367.294
1035.29 385.143
1035.29 385.143
1035.34 734.178
1035.34 734.178
1036.05 433.366
1036.32 944.821
1036.78 392.662
1036.94 738.128
1036.94 738.128
1036.96 477.029
1037.24 741.852
1037.35 454.382
1037.35 454.382
1037.96 448.407
1037.96 448.407
1038.07 494.182
1038.1 418.426
1038.13 890.422
1038.21 438.002
1038.41 471.405
1038.93 502.014
1038.94 423.904
1039.41 463.332
1039.49 388.826
1039.51 446.058
1039.51 446.058
1039.65 457.893
1040.2 482.887
1041.1 490.329
1041.21 385.908
1041.44 429.774
1041.44 429.774
1041.87 725.823
1042.05 513.923
1042.26 440.18
1042.33 422.914
1042.47 468.187
1042.78 578.439
1043.18 473.193
1043.45 625.703
1043.92 417.561
1043.98 447.042
1044.24 568.316
1044.42 388.116
1044.56 393.381
1044.81 738.801
1044.81 482.458
1044.93 399.6
1044.98 396.824
1045.01 622.977
1045.01 596.108
1045.23 434.303
1045.23 434.303
1045.84 452.768
1045.91 429.094
1045.91 429.094
1045.92 467.129
1045.97 620.353
1046.07 749.571
1046.13 476.338
1046.13 476.338
1046.19 487.265
1046.37 470.95
1046.55 424.877
1047.19 776.811
1047.83 805.123
1047.89 460.818
1048.03 493.1
1048.48 417.466
1048.97 729.141
1049.21 464.908
1049.62 785.234
1049.62 785.234
1049.64 797.186
1050 488.839
1050.02 501.43
1050.02 501.43
1050.11 596.659
1050.57 1074.82
1050.66 739.261
1050.72 427.702
1051 492.977
1051.59 421.319
1051.64 469.457
1051.97 800.548
1052.52 447.406
1052.55 457.926
1052.63 449.205
1052.88 392.449
1052.88 392.449
1053.32 452.966
1053.37 425.183
1053.68 558.619
1053.72 753.323
1054.31 749.221
1054.58 399.111
1054.83 594.14
1055.51 803.528
1055.51 803.528
1055.64 455.855
1055.64 455.855
1055.84 458.894
1056.63 423.571
1056.63 479.775
1056.72 472.836
1056.72 472.836
1056.8 496.448
1056.8 496.448
1056.8 496.448
1056.8 496.448
1056.83 738.973
1056.83 738.973
1057.14 485.185
1057.14 485.185
1057.64 772.475
1058.08 783.667
1058.08 783.667
1058.17 503.163
1058.26 433.096
1058.78 502.546
1058.97 827.857
1059.38 459.98
1059.47 429.129
1059.56 452.614
1060 827.916
1060.08 412.647
1060.08 412.647
1060.11 725.753
1060.12 515.549
1060.56 450.53
1060.99 888.961
1061.02 458.031
1061.09 742.83
1061.18 534.107
1061.53 800.818
1061.75 509.534
1061.89 482.07
1062.17 462.653
1062.29 580.915
1062.29 572.075
1062.42 488.515
1062.76 519.895
1062.76 519.895
1062.89 466.306
1063.2 628.834
1063.41 804.31
1063.52 774.892
1063.52 597.464
1063.54 546.282
1063.56 591.055
1063.56 591.055
1063.6 452.86
1064.06 546.269
1064.22 530.674
1064.31 498.285
1064.36 507.356
1064.76 875.423
1064.76 875.423
1064.98 503.738
1065.48 744.932
1065.48 744.932
1065.71 577.835
1065.79 573.766
1065.94 515.884
1065.94 515.884
1065.98 461.828
1066.04 461.097
1066.04 461.097
1066.05 423.188
1066.05 423.188
1066.35 399.127
1066.36 519.699
1067.15 799.598
1067.26 528.206
1067.26 528.206
1067.33 549.763
1067.37 793.377
1067.42 472.846
1067.44 455.436
1067.76 553.481
1067.77 438.712
1067.77 438.712
1067.83 588.382
1067.93 751.974
1068.27 571.344
1068.74 416.384
1069.12 764.793
1069.35 556.194
1069.35 556.194
1069.36 451.837
1069.53 405.042
1069.63 482.655
1070.08 414.221
1070.3 787.51
1070.36 413.746
1070.98 399.356
1071.1 477.473
1071.17 998.888
1071.17 456.643
1071.45 549.791
1071.72 437.802
1071.87 729.884
1072.56 473.253
1072.73 507.984
1072.83 408.754
1072.84 529.511
1073.34 561.194
1073.34 561.194
1073.48 433.189
1073.69 590.732
1073.97 952.048
1074.03 435.954
1074.04 762.427
1074.11 567.408
1074.2 418.76
1074.36 540.959
1074.38 481.236
1074.57 765.21
1074.57 765.21
1074.59 563.83
1074.63 455.983
1074.63 455.983
1074.85 450.882
1075.42 587.726
1075.73 581.309
1076.03 508.681
1076.03 547.261
1076.77 911.704
1076.77 911.704
1077.03 537.41
1077.18 473.436
1077.53 501.049
1077.61 467.664
1078.49 540.807
1078.53 442.729
1079.06 771.514
1079.08 493.552
1079.09 564.447
1079.09 564.447
1079.13 451.971
1079.75 507.512
1080.11 726.742
1080.11 726.742
1080.92 542.818
1080.98 473.715
1080.98 473.715
1081.04 752.344
1081.07 427.173
1081.07 427.173
1081.09 469.243
1081.21 730.655
1081.72 513.492
1082 431.924
1082.85 591.665
1083.22 525.121
1083.22 525.121
1083.26 447.342
1083.53 476.962
1083.63 502.536
1083.7 509.531
1083.7 509.531
1083.7 509.531
1083.73 456.862
1084 791.999
1084.59 749.058
1084.59 749.058
1084.6 491.703
1084.88 491.608
1085.4 790.194
1085.4 790.194
1085.4 537.49
1086.03 482.734
1086.6 433.396
1087.27 578.223
1087.28 449.249
1089.22 524.069
1089.53 505.072
1090.68 487.377
1090.82 543.253
1091.01 517.079
1091.01 517.079
1091.45 514.057
1092.5 504.718
1092.5 504.718
1092.52 520.965
1092.7 530.54
1092.96 525.201
1093.14 505.533
1093.56 501.434
1093.78 557.452
1093.78 557.452
1094.08 619.384
1094.25 536.737
1094.46 548.494
1095.85 504.115
1096.34 513.011
1097.1 541.262
1097.29 524.661
1097.52 771.615
1097.94 512.845
1098.14 501.723
1098.49 781.043
1098.52 493.206
1099.03 774.933
1099.15 519.639
1100.42 761.559
1100.68 626.252
1100.78 538.665
1101.76 532.85
1101.94 562.704
1102.05 548.866
1102.84 614.156
1102.85 516.739
1103.02 543.707
1103.09 488.486
1103.16 527.424
1103.18 523.411
1103.36 511.063
1103.41 590.296
1103.69 747.854
1103.8 599.975
1103.93 499.055
1104.17 503.5
1105.32 497.752
1105.81 528.109
1105.83 744.806
1106.42 509.889
1106.56 750.553
1106.72 499.036
1106.84 624.839
1106.84 624.839
1106.89 494.462
1106.92 458.484
1107.08 761.106
1107.35 524.125
1108.35 542.935
1108.35 542.935
1108.67 501.503
1108.67 501.503
1109.04 511.907
1109.19 469.559
1109.25 537.342
1109.37 506.069
1109.41 745.927
1109.95 528.008
1109.97 500.755
1109.97 500.755
1110.04 460.383
1110.26 490.728
1110.59 742.418
1110.59 742.418
1110.7 626.494
1111.01 604.332
1111.19 531.972
1111.43 745.124
1111.43 745.124
1111.52 1039.28
1112.21 504.365
1112.69 581.993
1112.73 513.899
1112.73 513.899
1113.29 519.493
1113.58 523.163
1113.79 498.943
1114.45 542.944
1114.47 953.058
1115.1 502.94
1115.31 1068.82
1116.1 743.088
1116.24 735.804
1116.24 735.804
1116.47 518.962
1117 757.656
1117 757.656
1117.02 946.504
1117.07 549.701
1117.07 549.701
1117.42 532.622
1117.83 541.683
1118.31 511.454
1118.53 524.957
1118.8 736.123
1119.04 753.755
1119.34 579.068
1120.3 518.525
1120.74 530.385
1122.4 940.135
1125.07 538.458
1125.13 625.573
1125.42 747.125
1125.66 724.789
1127.51 743.396
1127.78 736.734
1127.78 736.734
1128.11 590.189
1129.52 535.55
1129.52 535.55
1129.86 586.022
1130 543.768
1132.08 725.073
1135.44 541.185
1138.18 529.682
1138.38 558.439
1141.39 589.392
1144.57 533.822
1144.67 549.513
1145.12 529.17
1145.19 933.612
1145.41 844.064
1146.01 558.701
1146.35 528.912
1148.73 536.831
1148.84 626.371
1149.59 512.593
1151.31 594.995
1151.58 532.5
1151.8 544.139
1152.23 624.444
1153.29 538.268
1154.06 533.689
1155.92 541.282
1156.05 582.497
1156.12 553.064
1156.12 553.064
1156.13 535.345
1156.13 535.345
1156.56 626.128
1156.78 538.076
1156.92 532.094
1157.63 546.625
1157.66 602.643
1157.66 602.643
1157.7 597.644
1158.39 594.717
1158.57 724.917
1158.57 724.917
1159.51 550.05
1159.51 550.05
1160.87 599.84
1161.24 966.981
1163.04 552.957
1163.22 616.04
1164.12 602.589
1164.8 541.19
1165.36 559.519
1165.36 559.519
1166.48 544.229
1166.88 562.308
1167.1 555.513
1167.36 626.503
1167.47 539.94
1168.12 619.364
1168.62 615.765
1168.62 615.765
1169.67 620.984
1169.67 620.984
1169.67 620.984
1169.96 988.705
1171.08 552.601
1171.08 552.601
1171.71 566.739
1172.22 557.295
1173.01 621.083
1174 590.129
1174.73 596.069
1175 599.466
1175.15 554.343
1176.29 626.53
1177.89 596.387
1178.35 737.889
1178.5 790.376
1179.41 565.868
1179.92 560.968
1179.92 560.968
1180.51 550.39
1181.7 626.461
1182.6 725.226
1183.62 564.726
1183.66 614.39
1183.82 557.567
1184.12 687.778
1184.73 611.92
1185.17 550.99
1185.77 1068.52
1185.77 1068.52
1186.51 684.395
1186.58 670.496
1186.58 670.496
1187.1 591.914
1187.1 591.914
1187.25 618.145
1187.35 563.356
1187.45 549.797
1187.45 549.797
1188.63 628.513
1190.33 787.88
1190.48 563.017
1190.48 563.017
1190.76 563.522
1190.94 669.601
1192.04 622.987
1193.02 556.679
1193.3 1004.88
1193.51 845.857
1194.04 567.622
1194.39 551.504
1195.49 563.437
1195.72 614.567
1195.74 639.536
1195.74 639.536
1195.91 624.405
1196.53 638.579
1196.53 638.579
1196.6 653.987
1197.34 730.783
1197.43 553.284
1198.61 725.435
1198.61 725.435
1198.94 788.596
1199.1 1005.55
1199.45 664.361
1199.57 650.995
1199.57 619.187
1200.22 657.36
1200.28 566.565
1200.45 557.097
1200.64 626.651
1200.64 626.651
1201.25 558.645
1202.02 582.823
1202.36 668.598
1202.36 668.598
1202.64 846.068
1202.78 620.684
1203.81 679.68
1204.08 556.265
1204.64 788.491
1204.87 662.786
1204.87 662.786
1205.34 571.026
1205.51 696.884
1205.67 623.387
1206.39 616.087
1207.36 582.755
1207.36 582.755
1207.43 618.994
1207.78 645.982
1207.85 586.879
1208.2 639.659
1208.85 687.841
1208.89 657.718
1208.89 657.718
1209.55 684.322
1209.58 575.029
1209.86 653.731
1210.14 648.393
1211.16 692.079
1211.48 636.401
1212.58 722.603
1212.94 682.88
1212.96 598.07
1213.42 647.669
1214.61 586.848
1215.21 623.507
1215.48 614.094
1215.69 623.28
1216.01 636.088
1216.01 636.088
1216.41 653.089
1216.71 791.443
1217.98 629.201
1218.34 559.788
1218.57 788.797
1219.34 582.388
1220.02 617.04
1220.05 610
1220.43 630.917
1220.43 695.17
1223.31 846.511
1223.43 752.08
1224.79 700.455
1224.82 693.302
1225 568.801
1225.22 629.336
1226.08 789.843
1227.21 632.356
1227.21 632.356
1227.21 632.356
1227.21 632.356
1228.39 559.948
1229.72 568.102
1231.12 562.346
1231.82 625.204
1231.96 614.986
1232.62 707.706
1232.91 557.232
1233.5 845.947
1233.68 560.64
1234.95 568.94
1236.15 544.107
1236.38 639.157
1236.51 790.109
1236.51 790.109
1237.29 571.263
1237.81 549.183
1237.93 554.227
1238.54 607.035
1239.01 564.308
1239.11 610.611
1239.83 707.787
1239.83 707.787
1240.8 558.089
1241.07 566.702
1241.52 697.14
1241.54 689.828
1241.54 689.828
1241.77 537.918
1242.4 569.949
1242.4 569.949
1242.44 560.792
1242.57 703.026
1242.57 703.026
1243.07 610.248
1243.07 610.248
1243.11 753.207
1243.48 552.073
1243.53 693.808
1244.33 599.748
1244.88 557.682
1245.2 846.766
1245.2 846.766
1245.34 685.881
1245.5 707.968
1245.5 707.968
1245.55 704.54
1245.63 689.726
1245.68 613.004
1246.04 692.066
1246.04 692.066
1247.07 601.102
1247.25 701.594
1247.25 701.594
1248.63 546.983
1248.94 948.437
1248.94 953.198
1249.24 710.284
1249.29 708.003
1249.89 627.715
1250.64 682.04
1251 791.28
1251 791.28
1251.22 566.945
1251.26 753.5
1251.26 753.5
1252.32 591.103
1252.49 537.639
1252.65 533.612
1252.65 533.612
1252.65 533.612
1253.11 600.265
1254.79 564.372
1255.66 711.006
1256.48 542.968
1256.53 522.424
1256.79 685.378
1258.58 718.124
1258.59 777.11
1258.68 798.555
1258.84 568.665
1258.84 568.665
1259.31 683.891
1259.78 593.285
1259.78 593.285
1260.62 552.677
1260.62 552.677
1260.94 563.445
1261.03 532.984
1261.64 546.181
1262.48 538.953
1262.6 683.576
1262.69 778.65
1263.2 686.461
1263.37 587.008
1263.67 552.949
1264.23 582.331
1264.36 791.865
1264.92 556.408
1265.41 684.854
1265.41 684.854
1266.34 560.709
1266.84 693.15
1266.84 693.15
1267.17 552.039
1267.54 523.97
1267.57 686.744
1267.57 686.744
1267.65 690.15
1267.74 587.827
1267.99 851.493
1268.11 639.853
1268.11 639.853
1268.43 848.319
1268.43 848.319
1268.44 596.374
1268.8 530.346
1269 695.151
1269.07 971.769
1269.08 704.393
1270.41 974.015
1270.79 581.888
1270.99 698.323
1270.99 698.323
1270.99 698.323
1271.01 598.895
1271.08 573.981
1271.2 947.423
1271.2 947.423
1271.43 691.457
1271.43 691.457
1271.55 709.118
1271.55 709.118
1272 537.301
1273.6 597.003
1273.63 584.021
1273.63 584.021
1273.85 550.936
1274.35 574.698
1274.49 523.097
1274.65 545.104
1275.1 566.06
1275.61 792.375
1275.61 792.375
1276.38 704.987
1276.74 594.716
1277.86 558.854
1277.95 709.142
1277.96 563.191
1278.14 783.974
1278.24 598.573
1278.5 579.425
1278.5 579.425
1278.93 572.401
1279.33 566.857
1280.84 510.305
1281.25 704.357
1281.25 704.357
1282.67 563.647
1282.89 590.759
1282.98 536.072
1282.98 536.072
1284.07 700.172
1284.17 641.602
1284.17 641.602
1284.68 598.418
1287.27 515.917
1287.27 515.917
1287.41 587.455
1287.48 525.022
1288.82 596.237
1290.12 949.789
1290.81 889.532
1290.97 593.713
1290.97 593.713
1292.11 506.088
1292.69 509.903
1293.35 563.78
1296.1 793.552
1296.1 793.552
1297.09 573.767
1297.09 573.767
1297.28 756.459
1297.43 538.826
1297.43 538.826
1297.49 594.852
1297.71 507.078
1297.72 514.142
1298.09 527.987
1298.16 501.45
1298.34 500.739
1298.6 601.166
1298.6 601.166
1298.68 535.628
1298.68 370.532
1299 499.705
1299.05 959.363
1300.03 721.524
1301.08 540.719
1301.28 966.378
1301.36 368.45
1301.36 368.45
1301.63 597.624
1302.07 598.438
1302.28 572.339
1302.3 519.224
1302.56 508.597
1303.5 850.77
1303.5 850.77
1304.64 368.867
1305.1 589.045
1305.14 601.045
1305.14 601.045
1305.92 592.189
1305.98 572.29
1306.53 511.692
1306.53 511.692
1306.78 498.4
1307.68 375.414
1307.68 375.414
1308.04 380.552
1308.04 380.552
1308.22 524.349
1308.28 531.549
1308.28 531.549
1308.28 531.549
1308.3 577.933
1308.42 505.11
1308.5 959.754
1309.08 514.194
1309.29 385.425
1309.77 500.619
1310.46 598.01
1310.82 369.807
1311.22 509.322
1311.7 382.064
1312 533.125
1312.84 497.105
1313.19 387.633
1313.49 368.075
1313.49 368.075
1314.04 500.562
1314.41 504.653
1314.65 378.585
1314.65 509.693
1314.95 385.012
1314.99 570.976
1314.99 570.976
1315.02 490.917
1315.27 415.504
1316.2 532.666
1316.48 376.344
1316.71 421.449
1316.81 349.374
1316.94 547.436
1316.98 389.133
1317.42 498.571
1317.81 357.436
1318.27 596.825
1319.38 502.984
1319.51 851.225
1321.52 343.349
1322.54 511.393
1322.69 349.958
1324.23 536.038
1325.34 557.84
1325.35 505.845
1325.52 568.636
1326.45 853.871
1327.08 1023.77
1327.08 1023.77
1327.11 530.334
1327.2 763.883
1327.21 850.503
1327.44 538.968
1327.64 522.727
1328.72 590.197
1328.72 590.197
1329.06 764.896
1329.43 517.292
1329.55 461.827
1329.55 461.827
1329.85 544.394
1330.03 454.795
1330.15 422.554
1330.25 559.79
1330.38 541.147
1330.56 535.972
1330.92 501.862
1331.4 416.19
1331.82 566.93
1331.86 501.596
1332.89 465.121
1332.98 530.55
1333.09 558.938
1333.3 792.026
1333.31 590.633
1333.31 849.915
1333.36 488.826
1333.36 488.826
1334.43 464.075
1334.67 769.132
1334.67 769.132
1334.79 458.065
1335.06 595.803
1335.2 769.441
1335.74 715.88
1336.17 521.179
1336.87 527.989
1336.89 552.305
1336.99 557.485
1336.99 557.485
1337.39 524.524
1337.53 849.517
1337.56 620.403
1337.65 587.155
1337.65 587.155
1337.94 547.531
1338.5 771.942
1338.5 771.942
1338.62 518.781
1338.62 518.781
1339.06 515.998
1339.06 515.998
1339.13 460.046
1339.13 460.046
1339.38 579.048
1339.51 600.368
1339.6 594.045
1339.68 561.012
1339.68 561.012
1340.06 499.917
1340.36 791.176
1340.43 463.839
1340.48 623.104
1341.26 590.446
1341.52 535.903
1341.96 445.964
1341.96 445.964
1341.98 513.737
1342.03 618.247
1342.05 596.813
1342.07 572.321
1343.66 606.413
1344.86 463.653
1344.86 463.653
1345.35 567.054
1345.64 592.138
1345.85 545.774
1346.47 636.878
1346.47 636.878
1347.05 755.774
1347.37 489.276
1347.37 489.276
1347.37 489.276
1347.47 499.418
1347.57 551.081
1347.77 799.317
1348.2 460.908
1348.39 457.214
1349.04 852.04
1349.42 535.096
1349.99 962.721
1350.71 812.639
1350.79 627.135
1350.86 500.498
1350.89 436.133
1350.94 482.206
1351.41 493.178
1352.15 620.995
1352.95 547.175
1352.95 547.175
1353.02 547.442
1353.12 808.621
1353.12 808.621
1353.88 557.54
1354.01 798.263
1354.07 518.835
1354.5 627.362
1354.58 464.037
1354.87 503.662
1355.29 486.974
1355.86 551.172
1356.12 470.784
1356.28 456.97
1356.31 625.235
1356.6 306.324
1357.53 813.091
1357.55 853.608
1357.91 723.773
1357.95 562.74
1357.95 562.74
1358.32 299.201
1358.36 824.07
1358.36 824.07
1358.36 824.07
1358.39 616.195
1358.39 616.195
1358.45 827.374
1358.51 294.457
1358.6 303.55
1358.6 303.55
1358.6 558.778
1358.6 558.778
1358.82 497.428
1359.02 589.126
1359.04 503.207
1359.04 503.207
1359.38 455.706
1359.47 602.776
1359.65 489.594
1360.16 629.562
1360.22 306.987
1360.22 306.987
1361.19 570.623
1361.28 622.807
1361.52 523.852
1361.54 579.451
1362.01 299.23
1362.01 299.23
1362.14 299.183
1362.14 299.183
1362.37 462.201
1362.9 293.407
1362.9 293.407
1362.92 456.15
1362.99 550.838
1363.02 482.945
1363.38 822.177
1363.38 822.177
1363.49 632.47
1363.49 632.47
1363.59 600.597
1363.59 600.597
1363.76 717.946
1363.76 717.946
1365.12 300.357
1365.13 305.208
1365.42 459.23
1365.42 459.23
1365.62 477.018
1365.62 477.018
1365.86 294.904
1365.99 453.748
1366.02 483.773
1366.02 483.773
1366.23 558.921
1366.37 466.619
1366.37 466.619
1366.38 571.077
1366.52 552.704
1366.59 714.062
1366.6 640.495
1366.6 640.495
1367 546.272
1367 546.272
1367.04 584.834
1367.12 567.41
1367.15 607.846
1367.53 591.702
1368.04 625.148
1368.44 632.661
1368.49 431.119
1368.68 438.956
1370.03 579.446
1370.17 725.712
1370.3 720.052
1370.3 720.052
1372.38 631.383
1372.96 423.578
1373.15 636.731
1373.23 428.085
1373.23 428.085
1375.18 1031.01
1376.04 973.567
1376.99 426.48
1377.07 982.316
1377.34 856.662
1377.69 838.345
1377.94 844.021
1377.98 629.747
1377.98 629.747
1378.32 423.013
1378.72 644.231
1378.76 604.607
1378.76 604.607
1379.79 1029.08
1380.63 824.725
1380.63 824.725
1381.45 634.158
1382.67 857.105
1382.67 857.105
1383.13 853.34
1383.41 630.342
1383.91 714.867
1384.86 726.175
1387.13 869.615
1390.29 641.573
1391.58 974.572
1392.14 964.344
1393.95 721.438
1394.23 639.942
1397.08 643.641
1397.57 716.094
1398.19 636.992
1398.91 640.575
1398.95 800.586
1399.05 831.953
1408.53 710.016
1408.53 710.016
1409.12 512.465
1411.5 894.093
1413.77 826.653
1413.77 826.653
1414.02 715.889
1414.83 719.749
1419.54 644.141
1419.66 407.253
1422.4 909.328
1422.61 714.52
1425.28 420.009
1428.78 735.586
1428.88 347.064
1428.93 324.903
1429.12 706.913
1429.35 710.032
1429.35 710.032
1429.35 710.032
1429.35 710.032
1429.44 295.469
1429.45 330.697
1429.63 861.695
1432.32 393.503
1432.35 361.572
1432.46 345.839
1432.47 389.363
1432.49 373.867
1432.62 330.129
1432.74 322.342
1434.43 291.423
1436.42 627.91
1438.56 281.439
1440.18 271.959
1440.47 714.58
1441.64 967.379
1443.11 273.941
1447.7 700.917
1447.7 700.917
1449.36 676.457
1449.36 676.457
1449.53 695.21
1449.53 695.21
1449.56 281.235
1449.56 281.235
1449.79 705.11
1450.16 266.101
1451.01 360.142
1454.98 694.807
1454.98 694.807
1455.65 716.176
1455.65 716.176
1456.9 278.022
1457.01 337.77
1457.04 311.83
1457.76 823.67
1458.47 719.028
1460.37 692.325
1460.51 134.883
1460.98 139.516
1461.55 122.648
1461.55 122.648
1462.2 769.821
1462.21 335.758
1462.79 520.914
1463.67 491.41
1463.78 128.894
1463.82 972.52
1464.79 483.269
1465.15 696.924
1466.1 345.937
1466.6 113.828
1466.67 124.39
1466.67 124.39
1466.83 123.381
1466.83 123.381
1469.46 718.909
1470.64 127.907
1470.64 127.907
1470.86 343.158
1470.99 114.739
1470.99 114.739
1473.25 349.855
1473.41 118.348
1474.29 984.198
1474.29 984.198
1478.03 653.254
1479.15 813.077
1479.16 407.886
1479.16 407.886
1479.35 656.71
1480.36 714.696
1483.1 407.139
1483.86 865.455
1485.28 656.834
1487.72 695.027
1487.72 695.027
1488.43 662.603
1489.81 425.311
1489.94 710.451
1489.94 710.451
1490.08 336.048
1494.91 405.451
1498.07 714.64
1500.53 1020.99
1502.04 578.388
1502.48 357.521
1504.89 681.777
1505.11 363.798
1506.63 556.265
1506.85 1018.33
1506.85 1018.33
1506.85 1018.33
1508.92 363.435
1509.49 1014.36
1509.71 672.644
1509.71 672.644
1510.11 583.729
1510.13 682.333
1511.39 692.036
1513.39 1036.96
1515.95 696.455
1517.28 367.122
1517.45 362.069
1519.13 562.058
1519.13 579.844
1519.13 579.844
1523.7 686.142
1529.53 359.082
1530.48 517.266
1530.48 517.266
1533.69 571.115
1534.84 539.016
1534.89 583.046
1536.17 366.947
1537.22 367.954
1540.51 561.748
1540.51 561.748
1540.53 374.244
1540.62 579.624
1547.05 855.687
1548.85 722.987
1555.63 665.542
1556.48 370.07
1557.31 543.92
1558.28 531.073
1558.28 531.073
1558.83 326.132
1560.38 740.323
1560.64 367.364
1561.57 567.068
1562.33 601.957
1563.47 1004.97
1563.47 1004.97
1567.12 605.303
1568.06 580.648
1569.27 675.339
1571.61 380.677
1573.2 572.131
1574.38 571.62
1575.27 662.015
1575.77 641.171
1577.9 570.561
1579.66 681.916
1579.66 681.916
1586.03 691.327
1589.42 522.045
1589.91 533.822
1589.99 696.433
1589.99 696.433
1590.96 697.74
1600.48 385.951
1601.22 611.901
1603.31 496.749
1604.07 498.874
1604.41 370.226
1608.34 656.047
1609.3 707.478
1609.78 908.554
1611.22 579.811
1612.27 759.615
1613.22 379.172
1614.7 701.862
1625.99 1031.12
1625.99 1031.12
1629.12 162.448
1629.16 1026.04
1634.09 568.967
1635.26 690.339
1638.71 691.944
1639.89 645.778
1641.89 1037.81
1642.02 505.769
1646.54 937.858
1646.54 937.858
1647.93 584.379
1651.56 824.681
1651.56 824.681
1651.92 765.123
1653.47 519.478
1654.46 864.572
1659.96 622.579
1660.26 585.044
1660.6 671.087
1660.86 746.668
1670.96 510.692
1676.67 795.269
1688.21 665.788
1689.02 666.194
1691.99 774.404
1691.99 774.404
1694.55 514.925
1696.59 931.258
1696.59 931.258
1696.87 682.774
1696.99 1024.16
1697.07 694.597
1697.56 709.763
1697.76 661.131
1698.75 719.723
1707.4 651.971
1707.4 651.971
1707.77 508.525
1713.84 642.659
1716.71 607.25
1718.23 508.288
1720.04 660.507
1721.13 866.156
1722.31 640.704
1722.31 640.704
1727.55 1065.55
1733.63 635.339
1733.63 635.339
1737.9 622.021
1740.5 794.936
1744.78 641.88
1746.26 587.978
1746.26 587.978
1746.35 606.788
1747.58 655.302
1752.44 643.922
1752.93 958.062
1756.45 667.097
1760.68 607.716
1763.08 616.24
1763.08 616.24
1763.77 802.015
1763.85 1037.73
1766.06 810.187
1766.08 780.492
1767.37 510.165
1767.8 2.96964
1767.8 2.96964
1770.73 857.902
1774.69 1046.58
1775.32 569.467
1775.32 569.467
1778.79 656.637
1779.97 1050.43
1779.97 1050.43
1781.13 467.965
1782.23 625.6
1782.23 625.6
1782.65 1046.6
1783.12 692.394
1783.57 497.872
1784.33 666.47
1785.21 748.685
1785.23 732.812
1787.29 1074.1
1787.29 1074.1
1787.78 707.634
1788 508.67
1788.13 686.374
1788.91 603.154
1788.91 603.154
1791.41 582.1
1791.84 618.802
1792.57 764.373
1793.85 80.6619
1795.69 666.581
1796.59 628.677
1797.51 495.431
1799.18 467.005
1800.01 483.348
1804.13 92.6999
1805.42 255.028
1806.07 813.166
1807.46 97.1918
1808.86 16.1326
1822.22 828.699
1823.43 185.181
1838.87 803.282
1850.58 897.346
1860.63 820.667
1866.32 827.583
1873.26 823.758
1874.37 876.964
1874.37 876.964
1875.6 925.052
1875.96 907.489
1876.66 935.527
1877.22 1069.41
1878.32 21.6143
1878.64 75.7808
1878.71 807.558
1880.15 114.806
1881.99 818.414
1885.25 827.061
1885.83 835.135
1889.89 474.605
1890.7 878.213
1890.7 878.213
1890.7 878.213
1898.21 503.138
1903.66 1030.59
1904.02 897.754
