2365 0
2425 23
2428 25
2451 39
2486 53
2497 64
2499 63
2563 69
2623 100
2681 108
2752 126
2797 141
2825 158
2860 161
2899 168
2906 171
2923 176
2926 180
2920 182
2942 191
2947 189
2956 196
2940 186
2972 200
2993 203
2987 202
3026 213
3059 217
3067 221
3073 220
3109 225
3131 238
3128 234
3152 244
3118 233
3181 248
3215 256
3209 260
3293 273
796 280
3314 292
3310 293
3318 295
3326 301
3341 300
3365 289
4086 317
3384 319
3353 310
3438 336
3399 322
3405 325
3390 320
3445 326
3472 341
3479 359
3491 350
3521 363
3478 352
3517 348
3522 368
3592 386
3600 393
3568 373
3614 399
3635 404
3634 414
3678 428
3697 442
3674 433
3670 432
3700 440
3695 437
3671 421
3732 449
3770 466
3771 457
3833 488
3853 490
3886 505
4009 538
3951 545
3965 549
3957 544
3970 547
4033 566
4001 563
4040 574
4060 564
4103 597
4269 659
4400 692
4502 738
5992 732
4526 748
4539 752
4543 764
4585 777
4667 805
4665 803
4687 813
4705 831
1774 821
4752 836
4763 856
4730 846
4709 839
4802 851
4861 895
4929 924
4900 929
4934 923
2059 933
4947 940
5018 975
5050 998
5032 989
5090 1015
5056 1004
5068 1009
5076 1019
5084 1018
5107 1027
5115 1032
5109 1030
5151 1052
5177 1067
5218 1089
5240 1104
5288 1119
5280 1121
5355 1144
5342 1141
5337 1140
5374 1157
5369 1159
5371 1155
5377 1156
5383 1163
5407 1167
5393 1168
5410 1174
5391 1169
5405 1173
5401 1172
5423 1180
5420 1177
5422 1182
5413 1176
5421 1183
5426 1178
5433 1190
5437 1195
5440 1194
5446 1197
5451 1210
5449 1200
5454 1213
5462 1218
5458 1216
5460 1222
5452 1214
5467 1228
5472 1235
5480 1239
5489 1247
5475 1238
5477 1241
5488 1242
5508 1253
5507 1251
5504 1254
5495 1248
5516 1256
5519 1259
5526 1266
5552 1278
5550 1280
5547 1276
5541 1271
5536 1270
5574 1302
5570 1297
5584 1316
5580 1311
5582 1314
5578 1308
5597 1312
5600 1326
5593 1321
5605 1330
5609 1331
5608 1333
5601 1335
5612 1334
5615 1343
5614 1341
5620 1344
5618 1346
5646 1366
5645 1364
5651 1372
5643 1367
5665 1391
5667 1394
5682 1413
5678 1408
5675 1410
5691 1426
5698 1439
5701 1442
5705 1461
5710 1455
5704 1454
5709 1456
5719 1475
5726 1478
5714 1463
5728 1481
5731 1485
5732 1487
5734 1495
5735 1499
5736 1497
5737 1501
5738 1500
5740 1504
5743 1508
5747 1513
5746 1515
5750 1524
5755 1535
5751 1531
5759 1542
5757 1538
5770 1555
5773 1561
5772 1558
5771 1560
5775 1562
5780 1576
5777 1570
5782 1569
5785 1584
5781 1578
5788 1587
5789 1594
5792 1605
5794 1611
5801 1645
5810 1637
5804 1638
5817 1665
5819 1673
5832 1703
5859 1732
5892 1729
5853 1750
5882 1808
5899 1831
5917 1833
2049 1927
5929 1925
5931 1932
5708 1938
5934 1948
5942 1963
5955 1987
5943 1984
5967 2015
6031 2070
6064 2150
6067 2227
6087 2225
6107 2304
6120 2300
6150 2451
6167 2454
6160 2480
6157 2470
6164 2491
6183 2541
6179 2530
6184 2549
6187 2555
6206 2584
6205 2613
6214 2628
6235 2721
1536 3509
273 3588
1088 3741
5766 3778
5365 3791
