0 2595 34
0 2276 34
0 1935 34
0 1583 34
0 1583 375
0 1935 375
0 2276 375
0 2595 375
0 2595 716
0 2276 716
0 1935 716
0 1583 716
0 1583 1058
0 1935 1058
0 2276 1058
0 2595 1058
0 2595 1399
0 2276 1399
0 1935 1399
0 1583 1399
0 1583 1740
0 1935 1740
0 2276 1740
0 2595 1740
0 2595 2082
0 2276 2082
0 1935 2082
0 1583 2082
0 1583 2423
0 1935 2423
0 2276 2423
0 2595 2423
0 2595 2764
0 2276 2764
0 1935 2764
0 1583 2764
0 1583 3106
0 1935 3106
0 2276 3106
0 2595 3106
0 2595 3447
0 2276 3447
0 1935 3447
0 1583 3447
0 1583 3788
0 1935 3788
0 2276 3788
0 2595 3788
0 2595 4130
0 2276 4130
0 1935 4130
0 1583 4130
0 1583 4471
0 1935 4471
0 2276 4471
0 2595 4471
0 2595 4812
0 2276 4812
0 1935 4812
0 1583 4812
