4.50758 179.31
5.47699 820.885
5.47699 820.885
6.84052 194.315
8.4325 219.928
8.4325 219.928
11.0565 204.931
12.023 57.7987
14.2641 617.335
14.2753 159.924
15.0054 155.038
15.738 141.915
17.8728 133.607
18.3812 674.662
18.3812 674.662
19.5767 180.598
19.5767 180.598
22.0311 809.833
22.1747 190.16
22.1747 190.16
22.1747 190.16
22.5898 224.836
23.4515 931.003
23.5404 926.425
23.6986 562.387
24.5205 212.919
24.5205 212.919
24.6939 173.17
26.9314 565.356
28.2623 148.036
28.2623 148.036
29.2308 157.755
31.3002 509.907
31.3002 509.907
31.7199 224.517
31.9614 218.379
32.3194 152.405
32.3312 168.972
33.0392 500.147
33.7035 795.543
34.054 532.518
34.119 154.671
34.3683 226.46
34.9363 503.868
36.2589 229.843
36.2589 229.843
36.7856 13.7641
37.7816 517.272
38.1805 100.983
38.2711 136.612
38.2711 136.612
39.4879 852.843
40.5583 920.724
41.0983 154.284
41.4969 507.288
42.197 506.225
42.6979 202.735
44.1707 661.233
44.1707 661.233
47.1117 644.083
48.0109 173.478
48.1503 818.896
48.5136 746.146
49.0302 608.839
49.6336 134.202
49.6336 134.202
50.2586 165.411
52.9291 624.568
53.1874 140.646
53.497 907.926
53.9502 911.977
53.9853 196.543
54.179 142.176
55.0672 636.411
55.9341 173.574
58.0623 159.08
58.0623 159.08
58.0623 159.08
59.7493 167.575
60.2831 758.655
61.9318 333.012
61.9379 567.414
63.717 334.347
65.7506 129.873
65.9579 565.036
65.9579 565.036
66.4715 222.571
66.6194 148.301
67.0225 174.938
68.469 197.292
68.7617 750.676
68.7617 750.676
69.1115 216.335
69.5928 102.565
69.6495 139.127
69.9264 346.878
69.9264 346.878
70.6651 220.572
70.6954 182.744
70.9666 122.122
71.8869 251.687
72.2093 136.093
72.3033 340.668
73.0438 609.776
73.0438 609.776
73.4865 774.212
74.198 732.019
77.0546 617.451
78.266 337.024
78.6634 627.579
78.933 61.0204
78.933 61.0204
78.9369 743.623
79.045 129.197
79.7475 96.1341
80.2659 640.388
80.4566 790.01
81.3552 45.9974
81.9642 182.037
82.526 821.189
83.912 142.859
84.2314 4.92841
84.2938 4.66866
84.5038 61.6514
84.7995 67.2971
86.6228 194.47
86.9164 611.513
87.1175 41.2861
87.247 182.688
88.1199 339.921
88.1648 54.8169
88.6453 645.987
88.7958 12.3353
88.7958 12.3353
89.4861 629.288
90.3859 214.604
90.5022 89.3852
91.7786 115.544
91.7918 333.875
91.7918 333.875
92.1092 644.147
92.1092 644.147
92.8442 48.9164
93.498 810.326
93.9808 14.1842
96.0856 72.0796
96.283 597.707
96.4614 167.163
96.6966 610.123
98.2337 748.411
98.3347 795.826
98.3347 795.826
99.1405 198.445
99.7004 81.4717
100.913 174.417
101.355 187.146
103.349 114.946
103.349 114.946
103.387 164.771
103.387 164.771
103.598 910.961
104.415 97.3293
104.622 87.3125
104.667 846.895
104.667 846.895
104.819 194.821
105.012 58.2432
105.902 91.4958
107.639 38.4044
107.639 38.4044
107.698 99.3089
107.731 836.603
107.788 192.021
108.353 219.522
110.022 247.224
110.096 113.154
110.275 377.893
110.347 612.929
110.608 255.149
110.875 66.3028
110.875 66.3028
111.092 603.648
111.803 95.052
112.005 338.813
112.239 119.633
112.631 171.316
112.944 187.095
113.206 312.741
113.311 101.604
113.313 859.263
113.448 313.969
113.72 240.593
114.128 189.12
114.205 326.146
114.986 222.705
115.636 368.8
116.455 111.451
116.505 5.50105
116.732 620.575
116.886 92.8258
116.98 320.674
117.087 256.214
117.167 216.205
117.578 248.533
117.578 248.533
118.491 178.374
119.104 209.405
119.545 460.435
119.545 460.435
120.109 71.5814
122.092 583.86
122.316 194.787
122.418 377.812
122.665 188.931
122.924 57.9609
123.072 329.531
123.836 598.037
123.867 753.118
123.889 67.6698
125.26 337.776
125.26 337.776
125.26 337.776
126.398 371.599
126.614 368.451
126.682 768.145
126.682 768.145
127.022 89.9695
127.574 32.8519
127.806 323.373
128.264 42.9303
128.877 675.639
129.551 53.3605
129.879 79.2536
129.879 79.2536
129.897 647.068
130.048 265.367
130.048 265.367
130.526 349.56
131.141 17.8377
131.432 385.247
132.075 182.872
132.075 182.872
132.639 656.763
133.746 375.851
133.756 795.836
134.331 168.53
134.442 902.648
134.671 906.831
134.796 361.392
135.433 578.115
135.544 66.8045
135.544 66.8045
135.6 56.8304
135.718 616.261
135.771 635.97
136.449 110.781
137.066 644.431
137.129 343.467
137.565 791.43
137.664 89.9384
138.126 77.4332
138.126 77.4332
138.215 157.936
138.38 171.993
138.683 18.0498
138.683 18.0498
139.24 83.6208
139.24 83.6208
139.525 836.541
139.821 567.501
139.978 707.348
139.986 446.318
140.057 280.145
140.057 280.145
140.453 748.921
140.746 94.5296
140.943 216.722
141.052 630.97
141.278 816.354
141.278 816.354
141.548 210.379
141.84 45.5318
142.596 14.7271
142.596 14.7271
143.195 31.6581
143.333 78.0868
143.362 38.0437
143.883 91.659
144.026 914.206
145.655 66.4185
145.841 907.947
146.083 168.714
146.439 345.227
146.758 43.0643
146.991 87.055
147.168 293.639
147.487 194.344
147.717 333.809
147.99 53.8455
148.713 913.878
149.557 117.301
149.796 41.0324
149.796 41.0324
150.057 18.8404
150.759 66.4853
150.921 289.141
150.921 289.141
151.296 651.87
151.309 364.565
153.091 176.405
153.091 176.405
153.17 209.126
153.173 347.161
153.626 37.5177
153.626 37.5177
154.561 336.872
155.46 203.323
156.161 605.414
156.219 298.06
156.303 224.038
156.426 9.45831
156.426 9.45831
157.025 74.4497
157.451 181.852
157.643 86.5328
158.015 194.89
158.102 101.303
159.014 72.6533
159.151 912.564
159.163 323.655
159.175 755.105
159.296 199.161
159.89 635.023
160.428 896.557
160.428 896.557
160.457 179.685
160.457 179.685
161.057 88.8174
161.194 256.356
161.194 256.356
161.536 788.619
161.536 788.619
161.708 736.213
162.131 56.5733
162.596 304.513
163.533 210.421
163.847 69.7768
163.847 69.7768
163.847 69.7768
164.577 892.092
164.658 252.328
164.858 895.871
164.92 40.9409
164.92 40.9409
165.599 250.698
165.599 250.698
165.599 250.698
166.333 96.7996
166.47 826.034
167.338 329.044
167.587 589.724
168.79 295.748
169.003 216.616
169.815 26.5061
170.104 306.557
170.104 306.557
170.127 13.8608
170.612 689.923
170.702 202.454
170.702 202.454
172.417 62.3491
172.86 98.3081
173.732 50.4746
173.732 50.4746
173.789 324.768
174.051 317.107
174.349 587.969
175.18 69.4824
175.18 69.4824
175.225 810.648
175.225 810.648
175.884 6.94775
176.154 908.678
176.336 436.493
176.403 271.849
176.41 192.161
176.684 312.145
176.699 241.792
177.79 336.373
177.975 303.722
178.003 78.4705
179.55 321.06
181.136 5.9316
181.136 5.9316
181.764 286.738
181.764 286.738
181.764 286.738
182.883 339.88
183.631 895.969
184.044 352.202
184.336 799.928
184.336 799.928
184.567 257.695
185.265 620.913
185.694 332.294
185.694 332.294
185.784 44.2979
185.915 394.565
185.972 84.3048
186.002 244.259
186.039 98.8842
186.039 98.8842
186.305 235.654
186.397 298.322
186.895 665.269
186.898 371.276
186.904 297.57
188.033 52.1092
188.839 434.845
189.384 74.8194
189.707 579.187
190.273 99.5105
190.849 790.081
191.008 214.106
191.231 363.787
191.581 278.603
191.581 278.603
193.318 46.2392
193.788 242.55
194.035 267.301
194.035 267.301
194.551 896.893
194.889 893.312
195.083 41.8835
196.186 242.071
196.186 242.071
196.366 204.941
196.366 177.534
197.502 80.6851
198.058 347.694
198.058 347.694
198.166 781.01
198.987 29.0221
199.135 310.592
199.22 366.309
199.919 38.2971
200.099 328.395
200.585 257.377
201.625 607.566
201.625 607.566
201.695 124.057
201.789 664.437
202.579 24.969
202.579 24.969
203.186 372.968
203.469 43.9454
203.671 56.3398
203.671 56.3398
204.463 357.314
204.707 434.192
204.747 228.708
204.941 422.921
204.941 422.921
205.406 68.1952
205.406 68.1952
206.856 442.018
206.876 352.752
207.566 813.088
207.573 278.012
207.737 151.875
207.737 151.875
207.737 151.875
207.81 637.042
208.275 301.739
208.4 215.641
209.34 56.0434
209.34 56.0434
209.696 239.282
209.732 35.6944
210.085 268.592
210.492 73.9766
210.492 73.9766
210.702 638.303
211.521 367.24
211.855 361.167
212.339 12.4473
212.614 690.498
213.168 412.895
213.331 9.96043
213.422 383.93
213.527 627.989
213.534 314.142
214.587 829.118
214.778 763.304
215.202 344.576
215.202 344.576
215.202 344.576
215.348 33.8855
215.845 186.786
215.988 228.553
215.988 228.553
215.988 228.553
216.056 617.434
217.155 409.437
217.393 322.071
217.686 84.8678
217.686 84.8678
217.811 302.049
217.931 396.393
218.111 278.523
218.209 356.852
218.209 356.852
218.463 424.804
218.585 252.442
218.857 61.4582
218.857 61.4582
219.679 171.5
219.679 171.5
220.12 770.75
220.594 261.875
220.818 271.815
220.819 223.291
221.113 35.4491
221.113 35.4491
221.572 443.963
221.635 434.2
222.422 755.173
222.708 896.087
223.16 672.897
223.172 72.7711
223.197 405.533
223.861 414.625
223.935 716.02
225.024 270.414
225.562 367.946
225.578 392.48
225.618 349.897
225.632 453.698
225.978 216.761
225.978 216.761
226.018 453.103
227.356 44.7865
227.73 323.596
228.23 237.03
228.917 30.3424
230.249 287.622
231.104 374.984
231.217 423.797
231.282 386.954
231.48 211.421
232.345 363.264
232.38 94.1201
232.416 612.187
233.083 293.578
233.127 266.019
233.127 266.019
233.158 409.757
233.289 183.671
234.209 786.118
234.413 392.891
234.567 358.004
234.586 449.618
234.586 449.618
235.253 416.762
235.927 56.1042
236.262 737.359
236.649 306.429
236.871 401.469
237.219 346.972
237.219 346.972
238.331 235.805
238.975 458.2
239.664 272.103
240.645 203.128
241.12 290.566
241.769 62.5636
241.89 359.139
242.01 193.045
242.647 43.0747
242.864 222.008
242.885 436.642
243.544 588.479
243.675 74.4489
244.157 375.515
244.584 467.416
245.548 240.308
245.711 278.824
245.899 329.79
245.903 212.78
245.903 212.78
246.017 88.4132
246.017 88.4132
246.099 404.499
246.099 404.499
246.676 232.454
246.749 69.6122
246.94 217.758
247.126 417.163
247.901 750.693
247.933 391.607
248.046 109.728
248.193 353.147
248.555 320.099
249.271 41.9309
250.099 292.795
250.128 301.08
250.34 411.172
250.615 635.148
251.364 122.185
252.662 687.565
252.67 194.07
252.67 194.07
252.744 79.8726
252.994 346.269
253.053 380.64
253.157 246.272
253.894 278.05
254.031 605.226
254.031 605.226
254.179 670.557
254.179 670.557
254.189 302.724
254.404 206.731
254.471 234.138
254.579 311.878
254.825 219.853
255.107 476.209
256.153 727.461
256.447 372.075
256.724 440.529
256.8 251.323
257.881 66.9298
258.049 392.359
258.53 30.1383
260.034 886.045
260.801 308.79
260.902 240.012
260.902 240.012
261.048 31.1555
261.118 332.294
261.229 86.2451
261.229 86.2451
262.178 414.19
262.178 414.19
263.191 29.4167
263.38 216.124
263.428 24.3113
263.957 421.931
264.224 356.02
264.896 54.5501
265 218.934
265.355 892.119
265.793 232.173
265.833 212.58
265.849 305.976
265.858 16.1061
266.221 876.668
266.7 709.681
266.95 154.935
267.154 572.667
267.229 239.582
267.451 45.659
267.583 40.7047
267.772 262.958
268.102 107.257
268.205 145.064
268.819 332.06
268.822 80.8645
268.882 340.405
269.199 254.155
269.422 324.628
269.74 100.175
270.053 365.712
270.105 416.23
270.523 192.414
270.697 67.2536
270.697 67.2536
271.1 299.754
271.215 25.9446
271.224 315.565
271.292 881.184
271.447 65.8832
271.468 222.86
272.194 36.1742
272.21 327.519
272.371 281.76
274.263 19.9755
274.269 75.4426
274.809 275.761
275.073 235.006
275.481 785.386
275.488 108.282
275.632 296.463
275.636 336.329
275.636 336.329
275.91 303.787
275.91 303.787
276.071 98.7751
277.166 378.149
277.185 283.355
277.878 81.7373
277.952 73.6416
278.554 206.725
278.554 206.725
279.867 183.925
280.518 45.6748
281.404 293.179
281.464 459.879
281.544 441.841
281.623 707.169
281.738 249.221
281.738 249.221
282.171 14.3639
282.288 277.114
282.288 277.114
282.552 105.785
282.554 217.273
282.612 385.584
282.984 288.364
282.984 288.364
283.402 379.453
283.597 34.3051
284.73 368.975
285.676 314.316
285.676 314.316
286.015 333.674
286.22 323.159
286.425 398.105
286.511 464.985
286.784 345.842
286.784 345.842
287.014 420.959
287.087 307.824
287.087 307.824
287.087 307.824
287.316 565.449
287.798 70.6737
287.798 70.6737
288.315 28.0434
288.422 281.669
288.625 80.43
289.395 390.143
290.093 479.33
290.337 411.107
290.444 432.765
290.645 264.162
290.952 607.615
291.984 239.234
292.038 398.838
292.234 360.501
293.364 743.427
293.465 587.512
293.612 16.1791
293.751 345.718
294.288 331.52
294.288 331.52
294.409 196.393
295.118 413.367
295.118 413.367
295.118 413.367
295.356 405.365
296.234 215.096
296.234 215.096
296.255 472.787
297.615 281.827
297.615 281.827
297.958 268.617
298.449 440.274
298.458 499.655
298.733 498.839
299.272 308.7
299.272 308.7
299.794 553.799
299.794 553.799
302.262 9.44527
302.262 9.44527
302.427 225.99
302.427 225.99
302.604 348.656
303.149 418.383
303.304 418.294
303.628 489.557
303.76 250.215
303.76 250.215
303.76 250.215
303.944 338.964
304.439 321.184
304.751 405.858
304.858 623.398
304.858 623.398
305.344 330.736
308.336 568.7
308.566 204.015
308.657 244.317
309.044 151.34
309.099 300.352
309.142 779.412
309.376 371.579
310.218 684.176
310.367 719.835
310.367 719.835
310.483 752.515
310.525 179.953
310.525 179.953
310.709 315.671
311.09 262.697
311.616 308.45
312.043 363.375
312.139 339.135
313.255 21.0218
313.573 706.433
313.573 706.433
313.631 549.596
313.631 549.596
313.708 192.339
313.708 192.339
313.768 426.148
314.318 147.958
314.56 224.132
315.387 730.276
315.74 451.712
316.076 349.114
316.136 118.257
316.318 275.944
317.743 52.2743
317.939 377.319
317.939 377.319
318.037 77.5301
318.72 371.976
318.839 246.251
319.408 363.834
319.408 363.834
319.408 363.834
320.267 23.6957
320.369 696.04
320.671 163.161
320.868 322.566
320.868 322.566
320.973 555.855
321.059 135.911
321.059 135.911
321.078 608.834
321.084 241.266
321.407 408.632
321.407 408.632
322.242 118.661
322.364 284.947
322.364 284.947
322.463 302.761
322.463 302.761
322.524 284.869
322.524 284.869
322.716 272.221
322.716 272.221
322.992 258.518
323.23 361.654
323.624 179.669
324.725 153.571
325.503 355.354
325.635 310.437
325.635 310.437
325.791 294.077
326.244 769.135
326.327 420.775
326.497 372.772
327.302 342.036
327.955 198.161
328.169 624.861
328.62 745.034
328.986 327.928
328.989 19.9059
329.08 250.753
329.08 250.753
329.225 279.82
329.225 279.82
330.734 299.982
330.734 299.982
330.828 30.4074
331.195 694.222
331.195 694.222
331.276 292.499
331.403 298.183
331.403 298.183
332.915 179.231
333.684 318.179
333.904 135.135
334.053 202.286
334.053 202.286
334.544 306.327
334.544 306.327
334.544 306.327
334.608 300.197
334.631 399.186
334.631 399.186
334.786 88.3663
335.037 309.133
335.037 309.133
335.342 239.757
335.384 244.306
335.849 281.863
336.129 293.388
338.065 198.843
338.312 40.7799
338.63 365.207
339.406 119.836
339.685 743.086
340.414 545.728
340.414 545.728
340.537 692.537
340.641 211.816
341.238 267.76
341.238 267.76
341.333 483.935
341.36 296.651
341.859 327.622
342.109 314.704
342.506 508.322
343.15 231.057
343.15 231.057
343.261 248.231
343.984 126.112
344.226 126.624
344.28 281.856
344.411 417.656
344.629 428.55
344.885 477.797
344.885 477.797
345.537 258.47
345.537 258.47
345.839 221.314
346.23 387.983
346.434 149.689
346.451 302.645
346.715 291.742
346.973 242.924
347.221 470.203
348.67 206.531
348.747 488.207
348.747 488.207
349.366 333.754
349.697 279.979
349.697 279.979
349.815 109.733
349.815 109.733
349.943 215.639
349.943 215.639
350.031 256.906
350.117 72.0712
350.117 72.0712
350.882 408.299
350.882 408.299
351.408 54.1459
351.836 406.474
352.139 240.402
352.669 728.942
352.805 249.043
352.969 458.208
352.969 458.208
352.973 97.6642
353.11 126.069
353.11 126.069
354.052 712.96
354.052 712.96
354.336 341.383
354.587 90.8327
354.587 90.8327
354.924 269.558
354.929 100.067
355.066 318.049
355.203 249.095
355.44 141.594
356.176 119.997
356.176 119.997
356.581 397.593
356.581 397.593
356.581 397.593
356.647 155.602
357.559 549.814
357.559 549.814
358.688 164.574
359.08 530.38
359.08 530.38
359.148 295.282
359.203 11.1521
359.203 11.1521
359.673 319.795
359.81 550.701
360.204 308.12
360.223 71.1772
360.285 275.429
360.537 338.439
360.545 98.7756
360.659 354.648
361.087 522.7
362.272 722.704
364.163 138.899
364.407 295.406
364.73 282.751
365.707 303.713
366.464 38.612
366.796 61.4759
366.88 321.67
367.311 248.155
367.735 265.066
368.231 112.475
369.055 255.275
369.306 629.618
370.775 22.7561
371.007 447.703
371.007 447.703
371.541 270.953
371.574 142.842
371.64 86.2694
371.64 86.2694
371.995 292.8
372.186 287.34
372.186 287.34
372.485 327.847
372.485 327.847
373.336 148.236
374.525 434.453
374.531 221.747
375.189 54.4933
375.257 9.77159
375.801 174.288
376.935 477.485
377.197 348.521
377.259 256.138
377.952 561.225
378.034 461.197
378.226 276.154
378.288 217.95
378.617 102.57
379.194 335.283
380.189 265.393
380.189 265.393
380.653 27.0765
382.565 129.285
383.583 293.305
384.273 262.581
384.273 262.581
384.585 428.087
384.585 428.087
384.586 579.524
385.256 18.4269
385.41 286.586
385.619 56.0603
385.787 740.157
385.854 78.7917
386.081 763.519
386.198 322.22
386.198 322.22
386.606 44.8302
386.928 9.18314
386.928 9.18314
387.554 268.888
387.733 159.329
388.102 464.488
388.113 551.313
388.345 280.62
388.719 31.3821
389.007 870.671
389.322 31.2127
389.428 73.1108
389.428 73.1108
389.83 391.342
389.911 358.917
390.371 302.567
390.434 782.803
390.571 143.168
390.571 143.168
390.86 297.663
391.385 104.643
391.385 104.643
391.611 288.109
391.702 42.4479
391.702 42.4479
391.989 322.982
391.989 322.982
392.358 276.835
392.358 276.835
392.741 490.645
394.423 595.207
394.891 25.6599
395.059 5.199
395.116 69.8932
395.385 91.6773
395.385 91.6773
395.388 383.432
395.545 335.669
395.592 131.064
395.755 867.718
396.705 303.097
397.151 320.985
397.472 79.4957
397.472 79.4957
397.624 358.57
397.774 652.159
397.881 38.3621
398.629 541.13
398.87 575.693
398.946 61.6058
399.018 450.556
399.381 586.894
399.781 294.363
399.794 154.667
400.445 369.194
401.726 350.3
402.136 20.8856
402.136 20.8856
402.136 20.8856
403.38 438.939
403.846 36.5995
404.082 122.273
404.826 395.016
405.256 313.607
405.256 313.607
405.519 274.245
405.551 95.3796
405.551 95.3796
405.677 342.879
405.797 687.176
407.023 400.019
407.841 561.224
408.358 69.1407
408.424 247.757
408.661 355.021
408.864 106.403
409.606 160.427
409.872 861.519
410.028 616.919
410.156 597.006
410.813 493.151
411.906 298.544
411.915 402.445
412.135 225.919
412.526 32.3272
413.216 139.576
413.216 139.576
413.654 742.833
413.654 742.833
413.935 304.193
414.336 48.9837
414.426 88.2979
414.473 692.125
414.585 291.133
414.642 98.9517
415.078 386.593
415.995 331.658
416.113 567.894
416.208 703.074
416.662 120.951
416.797 688.551
417.001 3.87171
417.343 247.712
417.388 247.642
417.432 269.508
417.78 254.391
417.813 484.253
417.813 484.253
418.87 232.646
418.87 232.646
418.958 342.718
419.039 224.763
419.107 259.169
419.222 354.585
419.515 317.441
419.626 155.987
419.815 165.492
419.861 84.6313
420.405 22.566
420.405 22.566
421.112 136.647
421.162 357.84
421.642 583.96
421.749 158.72
422.802 274.546
423.128 108.091
423.557 208.347
423.563 376.581
424.326 609.068
424.959 24.8033
424.959 24.8033
424.985 869.429
425.324 95.1777
425.777 654.688
426.141 331.09
426.759 72.3471
426.979 510.92
426.988 280.9
427.335 787.435
427.435 166.719
429.037 295.159
429.676 150.724
430.024 302.536
430.154 124.38
430.154 124.38
430.445 867.069
430.946 111.657
431.017 328.098
431.165 81.8757
431.183 818.905
431.364 241.781
431.843 139.031
432.176 289.784
432.176 289.784
432.454 59.478
432.98 281.638
433.412 268.593
433.901 367.844
434.387 163.628
434.861 107.206
435.31 236.212
435.949 376.831
436.156 109.325
436.208 318.531
436.457 869.828
436.457 869.828
436.705 875.912
436.992 366.172
437.658 196.11
437.934 301.062
438.104 346.646
438.334 757.817
438.586 226.961
438.621 97.2979
438.621 97.2979
439.292 187.193
439.789 32.2151
439.817 619.203
440.25 291.403
440.74 102.564
441.07 378.078
441.145 108.345
441.989 130.116
442.464 245.254
442.534 385.279
443.15 184.928
443.15 184.928
443.243 815.742
443.544 254.829
443.855 872.935
444.124 367.672
444.753 134.715
444.753 134.715
444.763 295.055
444.828 76.1959
445.55 860.694
446.278 229.365
446.419 32.7511
447.222 106.135
447.929 271.049
448.032 224.655
448.302 210.218
448.858 41.4847
448.956 239.56
448.956 239.56
449.91 118.86
451.897 265.437
452.105 31.8123
452.105 31.8123
452.144 868.097
452.681 516.01
453.169 275.005
453.935 53.642
453.935 53.642
454.416 298.841
454.545 690.204
455.499 555.872
456.467 592.721
457.296 800.635
458.268 549.849
459.276 259.319
461.244 328.132
461.657 533.232
461.657 533.232
461.89 275.764
463.287 500.995
463.359 604.664
463.359 604.664
463.479 247.361
463.851 450.921
464.162 458.588
464.986 284.769
465.216 555.424
465.216 555.424
465.216 555.424
465.414 265.704
465.578 427.939
466.28 254.728
466.556 575.894
466.556 575.894
467.926 546.835
468.102 441.927
469.036 272.605
470.422 145.234
470.525 230.738
470.533 527.635
470.603 536.512
471.136 117.975
471.881 377
472.515 236.07
472.54 246.913
472.54 246.913
472.826 201.561
473.008 174.739
473.665 305.082
473.88 242.307
473.952 198.751
473.987 230.976
474.467 767.794
474.756 270.091
475.113 854.01
475.39 276.193
475.406 252.149
475.434 29.0002
475.722 338.59
475.722 338.59
475.753 617.729
475.924 189.854
476.161 328.621
476.34 372.952
476.34 741.839
476.454 66.4264
476.615 632.605
476.63 631.993
476.938 845.867
477.72 168.739
478.015 95.6555
478.068 74.013
478.078 12.3474
478.292 534.264
478.295 551.787
478.469 776.678
478.606 310.22
478.853 647.902
478.853 647.902
479.494 150.883
479.514 315.426
479.628 485.911
479.649 237.34
480.047 272.262
480.368 194.133
480.733 322.661
480.762 355.85
480.993 178.107
481.521 279.011
481.995 214.395
482.061 339.925
482.74 261.104
483.998 133.417
483.998 133.417
484.191 45.5223
484.213 141.185
484.853 64.3086
485.377 314.118
485.403 70.2538
485.716 267.497
486.213 335.049
486.66 326.298
486.66 326.298
486.824 299.627
487.026 264.99
487.712 83.5705
487.742 260.315
487.742 260.315
487.89 108.56
487.974 476.755
488.246 335.295
488.25 181.01
488.306 541.908
488.502 116.302
488.714 147.232
490.049 250.654
490.138 141.837
490.346 169.761
490.346 169.761
490.346 169.761
490.657 11.6305
490.779 203.602
491.916 126.274
492.084 45.1195
492.669 314.51
493.019 61.6301
493.243 154.856
494.433 200.292
495.339 169.716
496.061 117.012
496.558 482.485
496.687 304.712
496.751 311.069
497.118 230.045
498.084 50.3964
498.902 180.313
499.074 35.6873
499.277 143.899
499.639 25.9121
499.942 234.219
499.966 219.455
499.966 219.455
499.987 189.452
500.086 649.463
500.086 649.463
500.737 149.184
501.281 168.171
501.438 110.517
502.008 16.7639
502.481 61.9671
502.554 77.1638
502.65 102.89
502.65 102.89
502.725 220.016
502.728 604.81
502.907 126.521
503.217 131.889
503.217 131.889
503.521 197.397
504.177 139.665
504.177 139.665
504.503 59.1119
504.718 206.705
504.815 50.2911
505.187 540.843
505.187 540.843
506.719 211.994
506.828 133.729
507.016 291.854
507.535 305.249
507.535 305.249
507.611 310.012
507.702 116.545
507.702 116.545
507.989 223.172
508.093 145.1
508.13 471.613
508.13 471.613
508.157 276.739
508.275 19.3492
508.334 95.9664
508.491 127.919
509.231 172.061
509.585 157.92
509.907 105.946
510.075 278.2
510.813 53.7404
511.306 194.503
511.306 194.503
511.341 27.2559
511.582 485.426
511.61 785.69
511.915 36.9129
512.098 239.709
512.404 577.93
512.635 160.266
513.52 477.087
514.219 107.494
514.685 196.32
514.75 679.115
514.814 87.2236
515.661 202.281
515.661 202.281
515.771 219.396
515.771 219.396
515.771 219.396
515.803 291.44
515.92 183.626
516.97 306.977
517.068 145.699
517.681 210.826
517.94 51.9421
518.445 605.696
518.476 42.812
518.89 97.6331
518.89 97.6331
518.926 80.7138
518.926 692.362
518.938 694.007
518.944 12.3107
520.46 111.284
520.814 20.81
521.321 132.115
521.357 589.82
521.636 282.715
521.71 192.836
521.804 293.225
522.581 204.277
522.581 204.277
523.174 213.15
523.174 213.15
523.523 455.889
523.545 275.67
524.109 182.561
524.5 258.34
524.902 18.9323
524.902 18.9323
525.295 18.8441
525.295 18.8441
525.726 165.09
525.764 292.371
526.127 200.933
526.127 200.933
526.185 213.044
526.26 158.517
526.581 577.116
526.693 26.0079
526.704 190.155
526.706 286.575
527.411 233.515
527.411 233.515
527.694 148.704
528.475 275.64
528.529 140.745
528.956 128.424
528.956 128.424
528.959 604.655
529.269 77.2321
529.269 77.2321
529.562 200.383
529.728 46.793
529.775 243.496
529.888 206.074
529.888 206.074
529.888 206.074
530.668 475.748
530.905 253.952
531.026 294.82
531.55 189.437
531.594 33.7897
531.594 33.7897
531.606 264.883
531.626 222.53
531.824 212.807
532.448 195.307
532.599 463.44
532.618 288.172
532.652 273.575
533.134 608.375
534.578 283.986
534.588 760.333
534.711 580.718
535.141 6.67186
535.141 6.67186
535.228 39.6491
535.897 71.2949
535.897 71.2949
535.906 226.55
536.127 191.936
536.504 277.009
537.058 22.5014
537.273 282.615
537.589 781.346
537.589 781.346
537.609 46.9502
537.676 857.569
537.908 196.795
538.135 482.082
538.161 208.048
538.161 208.048
538.466 82.6089
538.556 131.088
538.923 267.683
539.37 124.517
539.945 93.436
540.108 53.179
540.189 549.607
540.193 257.5
540.193 257.5
540.228 463.261
540.46 238.457
540.46 238.457
540.596 477.238
541.034 477.867
541.784 707.79
541.784 707.79
542.169 71.3961
542.196 166.96
542.33 452.908
542.708 226.281
542.817 16.8437
543.248 192.079
543.387 285.14
543.633 29.7961
543.982 276.684
543.987 201.071
544.474 183.903
544.792 214.414
544.875 159.3
545.296 239.158
545.606 197.598
547.521 165.538
547.731 19.3231
548.166 41.5823
548.234 11.0367
548.799 690.726
548.946 601.449
549.147 768.402
549.469 96.2102
549.469 96.2102
549.588 191.952
549.588 191.952
549.643 174.623
550.076 190.034
550.152 186.344
550.454 272.814
550.721 268.305
550.785 69.2514
551.243 145.401
551.243 145.401
551.488 118.363
552.312 225.964
552.312 225.964
552.399 280.182
552.399 280.182
553.441 188.912
553.894 183.072
554.064 113.01
554.413 121.916
554.647 695.977
555.069 13.894
555.465 75.8347
556.518 159.739
557.127 224.4
557.159 560.445
557.34 125.472
557.38 459.711
558.039 204.435
558.04 217.037
558.23 167.157
558.787 178.226
558.787 178.226
559.546 471.585
559.727 276.685
559.727 276.685
560.043 156.297
560.469 678.001
560.97 560.975
561.046 104.27
561.046 104.27
561.086 42.1359
561.194 189.984
561.556 30.0468
561.684 213.088
561.684 213.088
562.385 152.317
563.282 173.331
563.711 132.078
563.889 271.699
563.906 142.484
564.193 234.967
564.292 216.583
564.573 165.595
565.439 120.846
565.495 55.1711
565.618 80.7514
565.674 277.145
566.11 147.199
566.897 145.713
567.449 232.217
567.449 232.217
568.114 273.535
569.078 152.621
569.391 215.085
569.391 215.085
569.491 197.209
569.602 229.969
570.095 8.30349
570.193 170.716
570.274 223.884
571.594 235.135
571.632 83.8499
571.871 200.184
571.871 200.184
571.965 200.542
572.11 179.101
572.292 142.68
572.355 85.9102
572.411 211.857
572.411 211.857
572.681 159.105
572.9 185.177
573.07 191.205
573.287 166.127
573.76 464.372
574.036 62.7116
574.875 103.121
575.344 754.782
575.53 263.766
575.533 25.7019
575.94 774.855
576.277 786.132
576.566 209.875
576.644 91.6819
577.11 74.1234
578.165 170.848
578.225 41.9834
578.225 41.9834
578.272 48.9671
578.278 839.913
578.778 224.253
579.326 152.708
579.91 264.264
580.097 131.12
580.097 131.12
580.097 131.12
580.689 53.4778
581.265 141.042
581.265 141.042
581.59 186.981
582.319 67.8654
582.319 67.8654
582.697 197.331
582.9 206.849
583.962 259.549
584.947 10.4582
584.996 772.019
585.302 774.749
585.618 212.464
585.723 30.5773
585.979 179.355
585.979 179.355
586.012 179.315
586.012 179.315
588.267 95.4567
588.267 95.4567
588.278 124.034
588.278 124.034
588.401 255.8
588.401 255.8
588.648 708.562
588.797 25.8396
588.825 21.0695
589.19 112.069
589.485 102.769
589.485 102.769
590.088 798.517
590.3 466.434
591.32 253.323
591.574 188.856
591.596 14.0585
591.596 14.0585
592.243 827.375
593.581 133.607
593.798 757.433
594.333 43.5707
594.735 829.964
595.015 9.02959
595.015 9.02959
596.1 836.764
596.953 47.1377
596.975 151.358
597.167 88.381
597.642 31.9482
598.144 452.457
598.144 452.457
599.289 71.8362
599.716 37.241
599.716 37.241
599.967 101.622
599.967 101.622
600.419 472.795
600.655 469.68
600.655 469.68
600.864 694.111
600.908 6.33686
601.077 13.7139
601.383 94.1742
601.893 143.715
602.364 42.3772
602.453 238.669
602.57 52.265
603.966 39.0237
604.963 5.13257
605.823 31.7249
606.141 90.5158
606.244 24.4983
606.374 98.3166
606.374 98.3166
606.894 235.265
606.894 235.265
607.528 561.442
609.594 143.394
609.984 65.6758
610.84 825.266
611.821 115.433
612.228 829.26
612.91 253.122
613.805 195.28
614.378 30.0494
614.952 7.88802
617.357 26.3293
617.357 26.3293
617.357 26.3293
617.548 87.933
618.855 22.0214
618.855 22.0214
621.697 16.284
624.848 100.123
625.909 61.6066
625.909 61.6066
625.909 61.6066
625.909 61.6066
627.226 826.138
627.832 48.8069
628.986 22.0748
630.464 445.413
631.882 44.9386
631.882 44.9386
631.906 563.738
632.119 16.2822
632.398 245.928
632.398 245.928
632.493 9.18472
633.197 825.406
634.028 482.572
634.13 49.0725
634.169 39.9354
635.268 23.8866
635.362 69.1254
636.009 97.263
636.125 88.627
636.125 88.627
636.944 829.667
637.012 243.224
637.012 243.224
637.566 110.103
638.358 477.086
638.613 825.37
638.69 488.379
639.742 14.6881
639.742 14.6881
640.027 469.822
640.112 46.5568
640.885 34.6196
641.053 133.092
641.441 125.121
641.67 450.327
642.219 445.783
644.3 68.9163
644.3 68.9163
644.715 29.9369
645.811 86.2971
645.811 86.2971
647.135 449.381
647.135 449.381
647.919 77.8986
647.919 77.8986
648.229 99.64
648.625 184.429
649.045 110.457
649.992 818.504
651.036 561.863
651.099 577.323
651.352 58.1742
651.512 121.918
651.513 128.135
652.153 483.331
653.019 583.611
653.688 819.944
653.911 454.426
654.558 81.6575
655.054 183.265
655.054 183.265
655.054 183.265
655.086 105.16
655.153 822.996
655.708 824.882
655.871 192.414
655.871 192.414
655.931 54.4872
656.112 74.5125
656.85 676.398
656.851 88.9139
656.851 88.9139
656.983 623.844
657.046 40.0687
657.13 629.551
657.132 662.56
657.512 639.294
657.822 485.427
658.489 664.308
658.988 48.4388
659.572 488.374
659.641 602.16
660.28 187.303
661.833 457.392
661.973 56.2493
662.871 177.242
662.871 177.242
662.939 689.883
663.754 479.572
664.556 604.813
665.172 786.481
665.391 458.874
665.606 193.053
665.612 482.431
666.316 188.345
666.316 188.345
666.908 485.514
666.908 485.514
667.06 197.894
667.165 679.689
668.697 561.666
669.328 595.067
669.328 595.067
669.661 462.929
670.889 186.189
671.612 704.63
671.629 194.051
671.629 194.051
671.861 818.51
671.924 559.704
672.24 490.441
672.292 559.505
672.76 667.08
673.405 674.645
674.158 187.55
674.182 199.407
676.051 602.396
676.335 457.837
676.626 194.994
677.837 189.508
678.955 589.367
679.994 217.191
679.994 217.191
680.413 243.165
682.648 818.564
683.144 554.709
683.238 462.717
683.247 577.65
683.413 559.477
684.63 197.046
684.8 606.471
685.15 588.156
685.179 584.157
685.248 218.025
685.972 522.632
686.207 564.137
687.063 239.144
687.154 251.945
688.126 202.346
688.126 202.346
688.137 788.66
688.191 229.984
688.479 533.635
688.79 506.387
688.798 221.487
688.856 511.424
689.288 522.315
689.426 528.134
689.466 235.13
689.466 235.13
690.025 464.237
690.269 453.24
690.392 211.763
692.41 525.055
692.524 514.267
692.811 498.147
692.93 240.025
692.93 240.025
693.705 462.679
693.75 254.595
693.75 254.595
693.897 589.892
693.899 816.68
694.133 556.441
694.23 660.745
694.23 660.745
694.306 203.767
694.36 214.741
694.367 518.223
694.434 448.793
695.945 453.948
696.141 527.122
696.905 477.274
697.04 232.042
697.509 488.463
697.532 587.912
697.765 508.129
697.963 541.173
698.317 549.125
698.719 249.375
698.877 225.69
699.161 530.359
699.318 482.94
699.318 482.94
699.453 501.221
699.493 821.804
700.113 535.552
700.417 209.014
700.954 478.777
701.33 485.29
701.33 485.29
701.33 485.29
701.708 543.728
701.821 220.34
701.872 741.511
701.968 543.659
702.079 260.008
702.454 474.666
702.778 500.823
702.78 456.842
703.595 522.866
704.003 204.798
704.267 786.207
704.483 235.665
704.578 324.706
704.956 255.023
705.291 818.553
705.82 510.559
705.88 506.288
706.076 225.329
706.289 834.56
707.292 210.092
707.493 241.214
707.493 241.214
707.493 241.214
708.074 677.928
708.438 494.467
708.596 679.092
708.941 524.016
708.941 524.016
708.945 231.441
709.378 836.703
709.919 463.014
710.452 502.501
710.452 502.501
710.752 729.448
710.841 462.631
710.931 248.568
711.164 216.302
711.31 823.345
711.769 254.976
711.769 254.976
712.021 491.038
712.281 237.326
712.603 547.734
713.01 225.242
713.424 505.537
713.796 456.066
714.972 502.411
715.098 521.042
717.083 528.755
717.556 476.514
717.556 476.514
718.107 687.996
718.116 813.225
719.056 527.36
719.181 785.571
719.45 529.763
720.264 462.27
720.562 237.47
720.716 466.667
720.804 692.024
721.031 631.928
721.031 631.928
721.637 502.682
721.797 560.313
721.937 528.085
724.125 533.296
724.125 533.296
724.125 533.296
724.871 555.848
725.463 527.904
725.933 494.737
725.974 488.167
726.7 812.076
728.034 584.48
729.941 554.002
730.012 480.537
730.148 687.234
730.593 645.693
730.593 645.693
730.891 503.376
730.891 503.376
731.545 539.172
731.948 490.397
734.057 496.175
734.441 586.394
734.453 504.711
734.607 499.66
734.607 499.66
734.765 507.897
735.691 564.661
735.804 808.962
736.152 650.346
736.263 653.161
736.444 814.749
738.541 502.92
738.958 507.068
739.105 685.875
739.444 680.391
740.16 522.898
740.326 495.362
740.326 495.362
741.259 501.934
741.259 501.934
741.55 499.327
741.612 650.553
741.814 492.591
743.574 579.766
744.208 779.868
746.89 538.539
750.369 649.861
750.516 541.283
750.516 541.283
750.807 529.9
752.385 684.222
752.752 782.517
753.074 691.08
753.568 563.664
754.831 687.39
755.612 538.786
756.859 530.009
757.04 535.313
757.04 535.313
757.831 780.872
758.236 534.549
759.343 532.75
760.615 539.744
761.545 690.781
761.681 549.837
761.681 549.837
763.003 516.973
764.86 556.671
764.86 556.671
765.273 815.025
765.332 687.015
766.206 778.887
766.42 801.192
767.947 691.93
768.181 482.202
769.557 562.317
770.086 547.099
770.086 547.099
770.287 809.122
770.955 555.332
771.214 804.638
771.972 526.47
772.552 558.918
772.716 549.868
772.748 531.218
773.48 565.043
773.497 511.942
773.497 511.942
774.221 807.497
775.302 517.754
777.524 533.668
777.782 689.124
777.815 522.189
778.405 556.287
778.405 556.287
778.656 651.459
779.155 548.174
779.261 515.938
780.931 539.29
780.931 539.29
780.931 539.29
781.534 777.321
782.574 525.877
782.606 515.676
783.908 501.965
784.754 520.087
784.949 566.258
784.949 566.258
786.981 538.175
787.369 562.309
788.201 683.656
788.201 683.656
788.818 652.909
788.853 497.298
789.083 685.416
789.083 685.416
789.117 691.944
789.408 488.424
789.589 486.902
789.622 531.658
789.952 556.199
790.11 503.29
791.413 527.702
791.897 801.146
792.205 531.874
792.767 669.817
792.911 551.144
793.271 557.727
793.598 770.05
794.096 538.118
794.525 521.175
794.525 521.175
795.962 494.806
796.29 489.563
796.792 653.532
797.69 532.642
798.513 524.352
798.833 533.273
799.482 537.484
799.727 540.838
800.784 565.371
800.98 479.178
801.377 479.402
801.73 490.226
804.295 540.813
804.543 554.659
804.875 565.547
804.876 514.524
805.121 529.514
805.23 773.997
805.333 801.194
806.025 775.462
806.609 525.349
806.609 525.349
806.715 478.735
806.715 478.735
807.067 778.262
807.196 491.987
807.828 557.969
808.133 482.773
808.308 538.828
808.393 522.289
808.517 535.758
808.554 513.023
808.595 496.333
808.88 654.201
811.019 484.111
811.656 508.98
812.166 471.379
812.663 574.971
812.663 574.971
812.935 969.522
814.01 511.078
814.595 530.737
815.668 494.686
815.668 494.686
816.483 802.918
816.96 514.75
817.161 489.645
817.742 518.838
818.177 533.861
818.177 533.861
818.724 564.812
819.139 484.843
819.148 472.71
819.434 480.146
819.585 508.145
819.797 501.316
819.797 501.316
820.225 523.859
821.838 769.365
822.364 484.713
824.165 480.241
824.165 480.241
824.371 487.177
824.836 568.483
825.962 494.354
825.985 508.12
825.985 508.12
827.77 455.526
828.344 568.391
828.497 495.984
828.499 499.961
828.73 797.426
830.034 511.805
830.623 482.48
831.564 496.197
831.953 506.912
831.963 485.139
832.837 513.071
832.843 960.954
833.349 477.34
833.946 501.013
833.993 521.34
833.993 521.34
834.168 770.829
834.855 542.709
835.4 532.173
835.4 532.173
835.564 485.268
835.691 538.862
836.681 465.494
837.586 705.466
837.754 507.69
837.87 476.065
839.059 492.587
839.848 548.96
840.859 513.992
841.352 533.66
841.9 456.597
842.209 506.534
842.61 566.245
842.61 566.245
843.09 957.549
843.93 487.399
844.471 474.109
844.471 474.109
844.579 509.955
845.113 551.201
845.122 798.376
845.213 570.057
845.982 514.615
846.137 482.889
847.322 501.843
847.322 501.843
847.644 470.595
848.355 547.649
848.713 497.982
848.713 497.982
849.011 511.083
849.04 955.711
849.138 489.481
851.157 452.655
851.449 494.5
851.495 585.581
852.743 501.709
853.375 791.063
853.565 487.034
854.993 541.444
855.274 797.735
856.065 489.713
856.914 499.255
856.914 499.255
857.312 567.621
857.546 771.642
857.997 484.933
857.997 484.933
858.161 527.757
858.99 793.41
858.997 532.881
859.189 543.188
859.435 503.465
860.598 511.475
862.16 450.247
862.378 481.136
862.746 465.183
863.052 536.821
864.797 738.11
864.797 738.11
865.021 480.445
866.543 534.994
866.543 534.994
866.608 550.615
866.811 726.468
867.102 448.07
867.404 482.914
867.47 566.579
867.531 537.218
867.723 558.409
868.402 532.088
868.402 532.088
868.811 488.65
869.159 528.112
869.609 949.535
870.215 462.19
872.258 475.096
872.412 484.247
873.781 486.434
874.551 524.18
875.451 461.03
875.539 471.152
875.573 764.946
877.094 478.672
878.849 469.779
879.451 584.617
880.462 474.383
880.809 450.525
880.89 449.99
880.9 465.842
881.026 458.623
881.849 485.821
881.849 485.821
882.153 570.686
882.153 570.686
882.93 495.475
882.986 492.621
886.544 510.539
886.544 510.539
887.719 565.835
887.719 565.835
888.501 485.078
889.574 572.33
889.574 572.33
890.99 455.826
890.99 455.826
891.17 479.25
891.931 469.58
892.014 456.556
892.014 456.556
892.388 483.636
892.388 483.636
892.683 764.206
894.484 493.937
895.277 473.68
895.277 473.68
896.032 585.575
896.325 584.927
896.416 478.09
897.698 670.117
897.698 670.117
897.767 465.151
897.978 460.501
898.545 482.09
898.86 489.633
901.888 940.647
902.423 578.802
902.61 494.855
904.375 765.982
905.005 585.67
905.256 762.53
906.625 500.099
907.244 487.855
907.347 482.789
908.383 493.785
908.383 493.785
908.677 935.442
910.803 490.174
911.939 760.965
915.092 532.243
915.47 566.475
916.038 752.012
916.053 497.953
917.788 479.442
918.36 781.629
920.446 489.842
921.166 932.536
921.319 517.384
921.319 517.384
924.188 937.691
925.104 552.209
925.757 497.605
926.784 577.203
926.784 577.203
927.013 576.442
928.686 532.835
932.463 562.319
933.811 465.961
933.838 586.815
933.973 500.157
935.302 512.358
935.429 790.635
939.156 930.99
939.797 495.277
940.372 517.652
941.424 508.063
941.963 561.159
943.223 575.353
943.931 510.515
944.383 515.137
946.173 499.974
947.84 493.448
949.635 517.924
952.163 520.968
952.721 504.754
952.839 499.062
953.703 577.493
955.226 514.933
958.017 522.067
958.583 495.894
960.61 482.751
962.694 487.942
964.434 497.187
964.847 517.101
965.069 490.355
966.018 502.468
967.116 525.87
967.116 525.87
967.187 485.382
967.285 551.942
967.787 481.947
968.563 567.126
969.045 478.246
970.244 549.565
970.244 549.565
970.399 519.895
971.332 496.483
972.692 541.216
973.41 533.238
973.641 562.097
973.641 562.097
974.124 483.458
974.185 498.299
974.794 512.403
974.837 566.369
974.9 589.974
975.788 471.68
976.025 474.525
977.308 492.698
977.308 492.861
978.646 501.473
978.767 458.116
978.775 519.073
980.018 475.838
980.041 445.315
980.514 487.951
980.872 541.319
981.344 485.183
981.419 522.353
981.594 538.149
981.672 596.382
981.876 510.281
981.897 576.734
982.209 464.117
982.323 608.435
982.382 478.597
983.291 515.579
983.525 499.665
983.525 499.665
983.574 504.923
983.717 590.256
984.642 446.78
985.474 480.236
985.87 470.801
986.66 442.067
986.994 476.918
987.43 503.704
987.456 510.236
987.456 510.236
987.456 510.236
987.597 483.596
987.813 538.765
988.093 518.629
988.495 452.758
988.96 532.005
989.127 665.342
989.346 716.9
989.592 495.023
989.594 590.309
989.594 590.309
989.638 595.918
990.684 499.218
991.069 515.197
991.175 463.698
991.41 507.732
991.418 503.88
992.108 481.714
992.108 481.714
992.271 573.906
992.547 568.304
993.219 665.842
993.257 445.084
993.257 445.084
993.309 505.384
993.425 690.551
993.425 690.551
993.648 640.022
993.707 592.605
994.125 475.219
994.165 441.148
994.197 635.305
994.447 475.065
994.478 624.806
994.702 558.36
994.702 558.36
994.809 471.479
994.835 441.403
994.898 510.49
994.898 510.49
995.029 645.72
995.333 499.813
995.366 509.419
995.366 509.419
995.521 540.771
995.982 668.794
996.022 515.963
996.112 437.445
996.39 910.632
996.39 910.632
996.594 484.61
997.6 458.636
998.17 475.035
998.179 490.965
998.264 446.023
998.288 519.486
998.564 579.157
999.144 512.313
999.144 512.313
999.371 571.946
999.477 477.883
999.65 494.657
999.854 536.214
1000.37 578.147
1000.49 454.949
1000.49 507.317
1000.56 586.261
1000.89 460.277
1000.99 500.433
1001 590.349
1001.31 438.407
1001.43 483.623
1001.43 483.623
1002.07 468.773
1002.56 541.35
1003.06 457.06
1003.13 515.68
1003.13 515.68
1003.27 443.924
1003.57 487.002
1003.79 449.14
1004.15 583.799
1004.4 552.902
1004.45 545.331
1004.45 545.331
1005.42 492.861
1005.46 501.66
1005.46 501.66
1005.7 591.793
1005.88 556.668
1005.88 556.668
1005.95 465.83
1006.14 462
1006.46 574.688
1006.9 582.038
1007.18 492.151
1007.18 492.151
1007.56 517.854
1007.59 474.615
1007.66 433.653
1007.8 904.742
1007.94 506.722
1008.03 445.275
1008.54 689.955
1008.8 584.007
1008.8 584.007
1009.02 498.545
1009.46 454.265
1009.55 536.599
1009.63 674.028
1009.63 674.028
1009.73 486.97
1009.73 486.97
1009.98 457.726
1010.07 550.414
1010.18 479.843
1010.38 451.306
1010.38 451.306
1010.47 544.286
1010.63 436.131
1010.63 436.131
1011.03 494.721
1011.17 522.679
1011.48 557.804
1011.48 557.804
1011.48 557.804
1012.19 484.637
1012.78 410.592
1013.25 515.588
1013.31 468.842
1013.41 477.986
1013.54 462.732
1013.65 750.626
1013.95 542.532
1014 449.389
1014 449.389
1014.05 444.038
1014.05 444.038
1014.14 321.147
1014.14 321.147
1014.36 420.703
1014.55 321.655
1014.67 522.205
1014.67 522.205
1014.69 547.18
1015.11 435.975
1015.24 450.709
1015.51 406.105
1015.51 406.105
1015.66 474.778
1016.17 432.549
1016.35 399.476
1016.35 399.476
1016.42 557.771
1016.43 446.263
1016.68 583.427
1016.85 552.635
1017.15 560.288
1017.22 471.308
1017.31 438.317
1017.95 459.128
1018.65 500.363
1018.65 483.751
1019.49 544.662
1019.66 443.084
1019.95 479.803
1020.41 492.836
1020.44 437.04
1020.74 528.851
1020.9 507.836
1020.9 507.836
1021.17 498.003
1021.17 498.003
1021.59 502.534
1021.6 646.527
1021.66 581.326
1021.93 564.022
1021.93 564.022
1022.4 431.886
1022.49 550.147
1022.95 469.907
1023.35 322.858
1023.42 494.794
1023.85 478.889
1024.31 402.512
1024.36 567.145
1024.38 644.418
1024.46 535.162
1024.75 483.765
1025.43 490.313
1025.95 597.636
1026.25 692.886
1026.44 496.247
1026.51 448.917
1026.54 410.848
1026.55 422.791
1026.69 540.692
1026.81 416.115
1026.98 477.981
1027.09 650.269
1027.29 517.024
1027.35 419.499
1027.5 524.516
1027.7 548.774
1027.89 530.162
1028.15 504.571
1028.32 517.408
1028.39 293.006
1028.39 293.006
1028.71 565.327
1028.81 494.627
1028.92 426.655
1029.1 487.084
1029.64 296.637
1029.64 296.637
1029.66 497.993
1029.71 480.367
1029.77 653.394
1030.03 604.002
1030.03 604.002
1030.1 526.119
1030.11 597.077
1030.16 327.6
1030.24 646.868
1030.24 646.868
1030.55 522.255
1030.57 512.74
1030.82 307.705
1030.97 421.833
1031 501.948
1031.27 415.923
1031.44 563.708
1031.44 563.708
1031.88 619.537
1032 455.682
1032.24 310.878
1032.24 310.878
1032.54 546.869
1032.77 690.569
1032.79 444.038
1032.95 500.109
1033.22 569.835
1033.22 569.835
1033.4 648.593
1033.62 608.39
1034.02 474.596
1034.02 474.596
1034.23 532.277
1034.23 532.277
1034.43 592.695
1034.43 592.695
1034.46 553.234
1034.63 599.45
1034.63 599.45
1034.77 495.539
1034.79 524.265
1034.86 288.839
1034.91 504.211
1035.07 560.678
1035.11 513.301
1035.11 513.301
1035.23 568.271
1035.79 422.139
1035.93 539.898
1036.17 490.972
1036.4 504.604
1036.9 323.808
1037.14 578.625
1037.18 456.209
1037.32 695.477
1037.45 529.516
1037.63 520.984
1037.68 460.379
1037.7 556.967
1038.09 500.45
1038.09 500.45
1038.26 551.663
1038.57 479.063
1038.63 465.67
1038.99 651.336
1039.2 413.81
1039.2 413.81
1039.47 504.304
1039.51 452.161
1040 422.854
1040 422.854
1040.22 562.583
1040.45 316.958
1040.45 316.958
1040.55 537.779
1040.71 545.02
1040.85 487.124
1041.43 447.669
1041.58 497.666
1041.58 392.938
1041.58 392.938
1041.67 497.598
1041.83 336.795
1041.87 528.887
1041.87 528.887
1041.89 457.177
1041.91 521.341
1041.91 521.341
1042.52 326.866
1042.54 345.043
1042.59 483.968
1042.8 548.13
1042.83 590.617
1042.83 590.617
1042.97 438.138
1043.03 583.344
1043.05 473.4
1043.16 480.631
1043.34 503.11
1043.34 503.11
1043.91 710.322
1044.08 330.247
1044.5 409.045
1044.54 491.417
1044.6 279.757
1044.6 279.757
1044.67 579.77
1044.95 452.887
1045.02 506.924
1045.14 468.081
1045.22 576.293
1045.41 494.83
1045.43 550.02
1045.57 566.202
1045.63 396.164
1045.85 435.241
1045.85 435.241
1045.96 572.073
1045.98 516.801
1046.05 542.185
1046.11 460.799
1046.11 460.799
1046.37 498.784
1046.37 498.784
1046.94 764.987
1047.29 603.249
1047.38 608.691
1047.38 608.691
1047.42 379.918
1047.46 341.113
1047.46 341.113
1047.69 415.631
1047.96 547.524
1047.97 400.663
1048.08 555.571
1048.08 555.571
1048.12 480.758
1048.12 480.758
1048.26 534.877
1048.26 534.877
1048.35 523.357
1048.35 523.357
1048.36 551.436
1048.44 484.891
1048.93 283.439
1049.01 334.098
1049.26 517.398
1049.53 592.126
1049.85 569.709
1050.06 512.944
1050.07 478.6
1050.16 543.259
1050.16 543.259
1050.47 267.903
1050.57 497.965
1050.57 497.965
1050.97 461.887
1051 595.965
1051 595.965
1051.45 296.501
1051.53 602.359
1051.53 602.359
1051.85 708.8
1051.87 491.094
1051.87 491.094
1052.15 378.056
1052.15 378.056
1052.15 378.056
1052.17 588.451
1052.46 494.151
1052.47 388.012
1052.55 447.974
1052.63 708.912
1052.8 505.369
1052.86 562.036
1053.21 711.357
1053.27 581.684
1053.32 501.732
1053.59 606.938
1053.64 338.359
1053.64 338.359
1053.73 513.463
1054.05 507.805
1054.25 488.432
1054.28 609.446
1054.36 297.395
1054.52 550.405
1054.53 412.623
1054.53 534.663
1054.53 534.663
1054.64 466.772
1054.81 472.905
1054.81 573.828
1054.9 391.467
1055.18 402.528
1055.27 455.372
1055.52 584.872
1055.69 419.809
1055.76 509.87
1055.83 292.754
1056.04 485.524
1056.29 370.272
1056.4 555.7
1056.4 555.7
1056.43 560.824
1056.53 271.879
1057.34 588.635
1057.9 463.67
1057.9 463.67
1057.92 502.484
1058.1 593.119
1058.26 538.56
1058.26 538.56
1058.29 458.665
1058.29 458.665
1058.41 340.91
1058.46 522.805
1058.6 415.626
1058.64 496.914
1058.81 389.587
1058.81 389.587
1059 269.806
1059.43 453.633
1059.7 508.599
1059.71 542.033
1059.8 464.031
1059.83 484.786
1059.85 525.539
1060.27 691.355
1060.59 266.209
1060.73 398.46
1060.73 362.111
1060.85 563.222
1060.85 563.222
1060.89 449.917
1060.96 394.706
1061.12 272.87
1061.57 420.685
1061.68 477.563
1062.16 581.55
1062.16 581.55
1062.33 551.932
1062.34 587.005
1062.44 492.631
1062.48 401.312
1062.48 401.312
1062.51 370.639
1062.58 572.486
1062.62 505.949
1063.07 471.212
1063.18 461.146
1063.33 261.958
1063.34 456.289
1063.39 531.894
1063.54 597.046
1063.54 597.046
1063.6 344.422
1063.6 344.422
1063.79 547.636
1063.98 437.125
1064.06 326.347
1064.29 499.492
1064.47 298.622
1064.61 338.966
1064.9 538.6
1065.1 364.379
1065.28 474.362
1065.28 570.535
1065.28 570.535
1065.3 412.766
1065.47 316.576
1065.53 281.577
1065.8 527.297
1065.82 272.922
1065.82 272.922
1065.82 272.922
1065.91 504.506
1065.97 317.999
1066.05 514.605
1066.37 433.129
1066.46 709.7
1066.54 458.557
1066.54 458.557
1066.73 479.157
1066.74 369.213
1066.74 369.213
1066.82 579.306
1066.99 887.949
1067.01 321.532
1067.17 417.466
1067.17 417.466
1067.31 551.477
1067.7 672.666
1067.73 453.016
1067.87 588.026
1067.94 631.522
1068.08 388.924
1068.14 485.18
1068.15 567.351
1068.15 567.351
1068.15 567.351
1068.32 523.345
1068.58 492.265
1068.58 492.265
1068.59 426.099
1068.63 363.123
1069.14 706.329
1069.21 349.17
1069.4 527.392
1069.43 497.992
1069.68 561.251
1069.68 561.251
1069.94 514.396
1070.03 518.531
1070.15 550.408
1070.15 550.408
1070.21 359.926
1070.34 449.5
1070.67 403.241
1070.73 460.034
1070.85 412.011
1071.22 553.566
1071.23 466.519
1071.28 279.333
1071.35 534.513
1071.37 665.507
1071.48 316.971
1071.49 297.969
1071.59 570.494
1071.72 456.121
1071.86 507.489
1071.97 374.497
1071.98 394.685
1071.98 394.685
1072.15 291.506
1072.16 355.675
1072.16 355.675
1072.25 441.711
1072.34 582.279
1072.41 399.608
1072.41 399.608
1072.43 337.533
1072.57 365.446
1072.57 365.446
1072.58 596.215
1072.85 425.668
1073.03 265.108
1073.22 313.637
1073.32 433.824
1073.32 433.824
1073.43 392.531
1073.46 341.685
1073.63 305.018
1073.63 305.018
1073.86 518.847
1073.93 590.613
1074.38 528.294
1074.43 369.106
1074.51 489.735
1074.58 294.904
1074.87 445.411
1075.07 329.163
1075.3 522.78
1075.41 394.165
1075.42 363.778
1075.42 363.778
1075.52 431.061
1075.52 597.367
1075.56 317.69
1076 708.928
1076.15 587.344
1076.23 565
1076.27 548.065
1076.27 548.065
1076.4 471.23
1076.45 695.685
1076.5 464.928
1076.62 533.346
1076.62 695.875
1076.86 556.368
1077.2 539.297
1077.24 416.559
1077.36 371.634
1077.67 330.34
1077.79 520.068
1077.83 307.8
1077.83 307.8
1077.89 251.981
1077.93 570.128
1078.04 687.329
1078.15 424.19
1078.22 338.053
1078.24 563.281
1078.29 324.366
1078.34 404.492
1078.39 272.568
1078.39 354.35
1078.44 454.031
1078.54 697.91
1078.72 434.773
1078.88 491.652
1079.27 291.507
1079.28 284.079
1079.39 742.482
1079.52 604.952
1080.12 294.711
1080.17 567.183
1080.17 567.183
1080.31 412.537
1080.31 412.537
1080.32 359.762
1080.37 441.812
1080.37 441.812
1080.39 517.318
1080.52 504.22
1080.6 577.481
1080.72 270.303
1080.78 383.386
1080.93 322.122
1081.03 558.303
1081.08 463.404
1081.08 463.404
1081.09 595.526
1081.13 481.4
1081.23 668.951
1081.31 534.189
1081.31 588.417
1081.38 488.109
1081.49 334.579
1081.49 334.579
1081.74 330.781
1081.79 494.158
1081.79 494.158
1081.83 445.157
1081.87 438.976
1082.15 303.263
1082.2 458.692
1082.23 367.695
1082.37 373.437
1082.37 404.859
1082.46 243.884
1082.46 243.884
1082.64 318.741
1082.73 267.637
1082.73 450.286
1083.15 548.609
1083.15 548.609
1083.39 467.285
1083.54 475.777
1083.55 309.967
1083.61 475.672
1083.65 593.607
1083.84 517.5
1083.87 348.482
1084 490.533
1084 490.533
1084 490.533
1084.03 353.825
1084.05 603.936
1084.05 603.936
1084.31 315.166
1084.37 607.491
1084.38 313.679
1084.45 415.812
1084.45 415.812
1084.57 381.185
1084.57 381.185
1084.92 259.801
1084.93 570.945
1085.19 296.256
1085.2 407.999
1085.25 502.572
1085.25 494.119
1085.26 556.188
1085.26 556.188
1085.41 470.442
1085.56 391.741
1085.6 538.952
1086.05 251.803
1086.05 251.803
1086.23 508.797
1086.25 435.703
1086.25 532.576
1086.25 532.576
1086.44 423.692
1086.61 491.475
1086.81 529.623
1086.87 309.624
1086.99 456.351
1087.28 410.271
1087.31 375.096
1087.36 578.047
1087.37 324.383
1087.41 402.23
1087.41 584.065
1087.6 384.528
1087.72 299.163
1087.91 537.26
1088.03 607.424
1088.09 380.581
1088.12 302.996
1088.3 483.836
1088.3 483.836
1088.31 418.49
1088.39 529.85
1088.39 529.85
1088.45 445.878
1088.47 343.992
1088.59 428.64
1088.63 597.861
1088.97 391.61
1089.02 433.817
1089.06 319.752
1089.22 878.889
1089.29 355.164
1089.36 750.083
1089.44 297.105
1089.56 397.371
1089.6 707.018
1089.66 553.555
1089.66 553.555
1089.77 475.479
1090.11 474.102
1090.13 246.577
1090.27 289.074
1090.31 522.507
1090.71 330.556
1090.76 508.877
1090.94 512.854
1090.94 512.854
1091.03 315.809
1091.03 315.809
1091.15 576.129
1091.18 443.888
1091.29 406.814
1091.6 551.452
1091.65 537.582
1091.65 537.582
1091.72 347.644
1091.78 560.592
1091.85 605.418
1091.87 378.919
1091.97 587.863
1092.09 354.402
1092.37 249.562
1092.4 282.334
1092.49 390.672
1092.52 412.439
1092.57 596.077
1092.57 596.077
1092.63 464.222
1092.69 384.884
1092.69 384.884
1092.8 489.411
1092.8 489.411
1092.93 403.662
1093.02 267.118
1093.3 882.99
1093.3 882.99
1093.41 437.376
1093.41 437.376
1093.49 620.903
1093.82 311.209
1093.82 311.209
1093.84 420.925
1094.25 346.945
1094.27 399.299
1094.45 429.724
1094.46 746.188
1094.48 327.453
1094.48 327.453
1094.61 670.502
1094.74 252.517
1094.98 270.866
1094.98 270.866
1095.23 431.845
1095.38 393.216
1095.49 594.165
1095.57 527.114
1095.6 372.929
1095.66 352.406
1095.75 517.311
1096 276.083
1096.01 530.654
1096.12 381.008
1096.21 508.179
1096.24 568.034
1096.4 415.226
1096.4 415.226
1096.41 521.733
1096.47 496.054
1096.61 560.147
1096.64 391.985
1096.68 582.32
1096.69 586.531
1096.95 404.379
1097.05 538.578
1097.05 538.578
1097.16 341.11
1097.19 460.285
1097.2 387.095
1097.2 387.095
1097.2 387.095
1097.31 486.22
1097.39 455.428
1097.39 455.428
1097.43 471.039
1097.52 298.986
1097.77 764.108
1097.77 764.108
1097.8 618.7
1097.81 304.807
1097.84 588.35
1097.86 358.136
1098.06 273.998
1098.07 321.141
1098.23 599.85
1098.48 458.703
1098.73 557.577
1099.05 293.708
1099.05 293.708
1099.09 563.456
1099.2 347.398
1099.21 462.87
1099.26 685.353
1099.42 569.671
1099.42 569.671
1099.58 437.641
1099.61 535.136
1099.61 535.136
1099.77 308.26
1099.78 382.787
1099.78 382.787
1099.88 449.822
1099.88 449.822
1099.96 328.061
1100.28 743.331
1100.38 302.662
1100.38 302.662
1100.55 341.116
1100.55 341.116
1100.77 466.014
1100.86 469.117
1100.92 315.589
1100.92 315.589
1100.93 457.272
1100.93 457.272
1101.06 286.549
1101.16 367.795
1101.16 367.795
1101.17 617.566
1101.38 582.165
1101.38 582.165
1101.42 578.896
1101.42 578.896
1101.47 494.274
1101.52 572.035
1101.52 274.197
1101.77 489.112
1101.79 553.288
1102.07 324.25
1102.09 578.008
1102.11 548.515
1102.39 261.304
1102.39 261.304
1102.4 426.393
1102.45 442.827
1102.53 404.36
1102.55 256.862
1102.69 529.27
1102.69 529.27
1102.71 256.84
1102.77 269.171
1102.77 269.171
1102.87 385.995
1103.11 347.62
1103.19 542.592
1103.2 421.161
1103.61 693.018
1103.66 355.97
1103.89 569.148
1104.02 385.828
1104.1 453.791
1104.13 338.911
1104.25 290.397
1104.27 707.388
1104.3 465.091
1104.55 394.237
1104.55 394.237
1104.55 394.237
1104.55 267.111
1104.73 471.976
1104.79 604.357
1105.22 307.381
1105.38 624.93
1105.38 624.93
1105.45 547.9
1105.46 280.351
1105.49 542.162
1105.49 542.162
1105.6 241.13
1105.93 518.802
1105.94 414.448
1106.09 332.139
1106.14 584.658
1106.35 560.218
1106.35 560.218
1106.35 560.218
1106.69 451.509
1106.8 434.99
1106.82 371.359
1106.94 508.703
1106.98 354.829
1107.1 574.227
1107.1 345.395
1107.1 345.395
1107.12 744.713
1107.38 295.428
1107.47 419.988
1107.5 513.632
1107.6 364.457
1107.67 490.305
1107.68 689.889
1107.69 286.017
1107.8 305.624
1107.8 245.614
1107.81 429.393
1107.85 526.691
1108 505.283
1108.3 442.082
1108.38 609.266
1108.59 267.805
1108.59 267.805
1108.68 486.09
1109.14 436.944
1109.17 479.082
1109.38 479.048
1109.38 479.048
1109.39 551.195
1109.39 551.195
1109.43 692.98
1109.65 437.323
1109.93 558.129
1110.03 566.386
1110.24 463.65
1110.26 530.641
1110.54 517.247
1111.07 334.051
1111.07 334.051
1111.18 543.436
1111.18 402.116
1111.28 349.972
1111.37 285.527
1111.37 285.527
1111.44 246.077
1111.44 246.077
1111.55 386.309
1111.55 386.309
1111.6 579.827
1111.6 579.827
1111.6 579.827
1111.62 328.112
1111.63 420.97
1111.64 522.656
1111.77 460.782
1112.05 272.395
1112.43 689.9
1112.59 588.612
1112.62 431.734
1112.71 597.639
1112.86 550.477
1112.86 550.477
1113.14 622.667
1113.18 273.2
1113.28 397.938
1113.4 342.035
1113.44 359.619
1113.44 442.313
1113.57 324.731
1113.6 318.825
1113.6 318.825
1113.65 293.462
1113.84 585.37
1113.86 509.985
1113.9 516.507
1113.94 559.094
1113.94 559.094
1113.99 536.992
1114.14 741.133
1114.21 426.344
1114.38 378.032
1114.41 506.437
1114.41 500.5
1114.49 490.074
1114.51 564.4
1114.51 564.4
1114.61 529.274
1114.66 532.319
1114.99 251.216
1115.06 484.941
1115.09 286.853
1115.12 472.671
1115.17 255.028
1115.19 692.915
1115.96 608.065
1115.96 608.065
1116 545.698
1116.01 349.483
1116.02 454.126
1116.03 387.01
1116.08 300.677
1116.23 512.422
1116.25 357.899
1116.3 291.564
1116.3 291.564
1116.39 308.274
1116.53 521.104
1116.59 245.119
1116.59 245.119
1116.65 284.235
1116.81 578.21
1116.82 704.771
1117.02 351.301
1117.02 351.301
1117.08 317.82
1117.14 508.44
1117.35 306.708
1117.45 535.438
1117.73 526.657
1117.77 342.81
1117.78 381.266
1117.78 381.266
1117.85 249.02
1117.85 249.02
1117.86 518.259
1118.07 634.376
1118.09 443.003
1118.31 417.29
1118.31 328.994
1118.45 542.874
1118.57 424.608
1118.99 494.697
1119.01 336.114
1119.01 336.114
1119.32 434.821
1119.39 243.027
1119.51 531.969
1119.54 584.716
1119.54 584.716
1119.61 316.703
1119.61 316.703
1119.72 432.71
1119.8 362.781
1119.8 362.781
1120.25 535.027
1120.42 414.522
1120.42 550.891
1120.49 538.232
1120.63 524.435
1120.93 326.546
1120.99 333.859
1121.44 346.979
1121.48 376.882
1121.5 449.863
1121.54 340.705
1121.58 558.935
1121.58 558.935
1121.76 467.421
1121.76 467.421
1121.97 463.142
1121.99 255.624
1122.04 458.402
1122.04 458.402
1122.05 519.995
1122.32 286.519
1122.32 286.519
1122.41 280.611
1122.46 570.199
1122.5 473.735
1122.5 473.735
1122.53 479.462
1122.53 479.462
1122.72 314.639
1123.3 261.707
1123.41 735.243
1123.55 514.072
1123.55 514.072
1124.12 342.293
1124.85 324.58
1125.15 607.948
1125.24 416.186
1125.34 610.223
1125.57 499.667
1126.06 371.93
1126.22 362.636
1126.45 341.161
1126.52 291.06
1126.56 276.433
1126.59 580.901
1127.01 483.305
1127.25 422.147
1127.64 599.575
1127.7 348.174
1127.7 348.174
1127.9 264.242
1127.97 244.615
1128.31 695.527
1128.57 575.653
1128.58 248.865
1128.67 296.264
1128.72 516.379
1128.82 333.056
1128.86 416.407
1128.95 533.782
1128.96 506.242
1128.96 257.861
1129.02 499.974
1129.17 496.317
1129.4 692.933
1129.41 703.898
1129.61 397.106
1129.64 309.717
1129.74 349.343
1129.84 517.559
1130.01 280.382
1130.36 408.472
1130.36 408.472
1130.69 673.44
1130.9 461.211
1130.95 369.869
1130.97 377.188
1130.97 377.188
1130.97 487.449
1131.05 455.086
1131.16 438.188
1131.31 341.925
1131.6 251.784
1131.6 251.784
1131.65 306.313
1131.69 295.142
1131.83 446.839
1131.83 446.839
1131.96 554.534
1132 510.94
1132.01 455.817
1132.02 427.089
1132.14 587.941
1132.17 600.119
1132.21 272.874
1132.21 272.874
1132.35 247.561
1132.43 617.621
1132.52 496.578
1132.68 517.163
1133.02 505.99
1133.11 620.764
1133.14 450.608
1133.49 297.459
1133.49 297.459
1133.49 564.698
1133.55 501.119
1133.56 565.092
1133.56 565.092
1133.62 272.745
1133.64 398.607
1133.64 398.607
1133.65 546.012
1133.72 571.213
1133.76 325.768
1133.81 291.472
1133.83 592.813
1133.86 536.248
1133.99 333.32
1134.14 281.878
1134.19 340.08
1134.35 585.772
1134.74 413.421
1135.43 370.251
1135.52 522.502
1135.52 452.905
1135.55 470.543
1135.56 366.665
1135.61 313.209
1135.61 313.209
1135.82 263.285
1135.86 353.45
1136.08 460.388
1136.27 492.46
1136.27 492.46
1136.32 280.978
1136.42 401.102
1136.7 241.852
1136.84 278.438
1136.97 337.812
1136.97 337.812
1136.97 434.388
1137.02 477.569
1137.02 547.801
1137.04 497.929
1137.04 497.929
1137.19 603.105
1137.36 387.585
1137.49 419.79
1137.71 436.112
1137.71 436.112
1137.71 436.112
1137.86 611.66
1138.07 533.181
1138.07 533.181
1138.21 704.937
1138.41 734.77
1138.47 489.069
1138.65 316.882
1138.7 568.078
1138.7 568.078
1138.75 347.045
1138.75 347.045
1138.8 484.952
1138.95 408.882
1138.96 550.89
1139.19 588.633
1139.19 588.633
1139.3 442.681
1139.4 458.487
1139.4 458.487
1139.47 510.101
1139.82 529.692
1139.82 529.692
1139.82 529.692
1139.83 394.816
1139.83 394.816
1139.93 594.105
1140.1 301.107
1140.3 688.91
1140.35 437.314
1140.35 437.314
1140.41 330.198
1140.46 493.772
1140.49 546.749
1140.68 416.419
1140.68 416.419
1140.69 258.33
1140.72 461.985
1140.78 618.877
1140.78 618.877
1140.92 477.719
1140.94 536.527
1140.94 536.527
1140.97 324.645
1140.98 615.525
1140.98 615.525
1141.05 485.906
1141.31 513.485
1141.59 372.846
1141.72 264.895
1141.91 505.968
1142.23 323.774
1142.26 454.495
1142.38 573.354
1142.38 573.354
1142.65 247.516
1142.78 297.783
1142.84 412.375
1142.84 412.375
1142.85 531.459
1143.02 427.409
1143.06 430.756
1143.3 509.918
1143.34 340.412
1143.36 474.802
1143.46 564.037
1143.51 317.427
1143.55 543.502
1143.55 543.502
1143.63 402.388
1143.77 527.083
1143.77 527.083
1143.78 558.086
1143.78 558.086
1143.79 480.512
1143.86 441.901
1143.86 534.99
1143.91 345.232
1143.91 345.232
1143.93 320.984
1144.05 621.075
1144.37 244.757
1144.43 576.737
1144.43 576.737
1144.6 330.077
1145.03 580.819
1145.08 489.719
1145.08 489.719
1145.14 313.194
1145.14 313.194
1145.32 507.704
1145.46 513.585
1145.54 726.646
1145.54 726.646
1145.63 735.225
1145.72 605.947
1145.77 588.007
1145.84 531.606
1145.84 531.606
1145.94 380.571
1146.05 472.371
1146.05 472.371
1146.22 324.816
1146.22 324.816
1146.29 594.058
1146.33 436.847
1146.33 436.847
1146.33 436.847
1146.64 363.655
1146.64 363.655
1146.88 482.676
1146.98 551.921
1146.99 300.637
1147.1 525.061
1147.1 525.061
1147.11 335.547
1147.46 544.007
1147.46 499.818
1147.63 584.503
1147.71 444.349
1147.92 457.658
1147.92 457.658
1148.08 281.717
1148.09 389.209
1148.17 597.596
1148.31 588.28
1148.61 463.486
1148.7 516.778
1148.73 418.521
1148.82 496.597
1148.87 412.754
1148.99 505.941
1148.99 505.941
1149 450.653
1149.04 555.006
1149.91 560.622
1149.93 367.63
1149.93 367.63
1149.94 474.247
1150.02 331.491
1150.02 331.491
1150.05 320.101
1150.11 297.306
1150.11 297.306
1150.12 422.685
1150.12 500.773
1150.12 500.773
1150.22 568.997
1150.38 484.917
1150.5 582.193
1150.53 444.973
1150.58 409.257
1150.64 434.613
1150.9 393.39
1150.9 393.39
1151.17 352.279
1151.59 455.251
1151.6 577.723
1151.73 547.606
1151.81 530.441
1151.88 509.938
1151.97 429.893
1151.99 538.335
1152.58 479.905
1152.6 503.01
1152.91 450.364
1152.95 397.581
1152.96 439.738
1152.96 439.738
1152.96 439.738
1153.05 403.291
1153.05 563.698
1153.05 563.698
1153.06 319.087
1153.17 459.22
1153.35 236.294
1153.63 585.384
1153.91 481.652
1154 333.566
1154.04 326.618
1154.04 326.618
1154.1 489.137
1154.2 426.521
1154.61 423.123
1154.61 423.123
1154.66 419.132
1154.96 245.753
1154.96 245.753
1154.96 245.753
1154.98 317.381
1155.18 680.188
1156.18 361.247
1156.24 407.893
1156.28 470.091
1156.28 470.091
1156.43 449.497
1156.58 423.428
1156.65 330.64
1156.99 411.572
1156.99 411.572
1158.35 574.79
1158.45 397.628
1158.49 365.362
1158.49 365.362
1158.5 391.974
1158.61 329.692
1158.73 595.975
1158.93 375.326
1159.21 324.156
1159.21 324.156
1159.25 246.991
1159.35 702.97
1159.42 323.719
1159.92 360.791
1160.21 308.669
1160.7 275.34
1161.07 353.998
1161.79 344.065
1161.79 344.065
1161.94 394.046
1162.23 509.466
1162.43 376.296
1162.43 376.296
1162.48 454.379
1162.49 514.8
1162.58 256.268
1162.6 285.449
1162.62 245.898
1162.62 494.8
1162.62 494.8
1162.68 653.63
1162.71 406.72
1162.77 598.072
1162.78 324.694
1162.78 324.694
1162.8 574.123
1163.11 559.664
1163.11 559.664
1163.51 328.923
1163.64 698.144
1163.77 397.401
1164.33 657.251
1164.58 281.766
1164.61 385.589
1164.75 702.567
1165.01 529.002
1165.08 367.194
1165.15 525.077
1165.25 425.607
1165.35 392.433
1165.38 238.045
1165.46 375.074
1165.71 576.392
1165.74 600.064
1165.75 271.358
1165.85 420.561
1165.91 661.976
1165.97 495.762
1166.29 413.809
1166.31 518.648
1166.33 555.682
1166.33 555.682
1166.7 459.192
1166.8 479.39
1166.83 606.645
1166.83 606.645
1166.9 547.671
1166.93 435.523
1166.99 513.615
1166.99 513.615
1167.11 540.883
1167.19 324.266
1167.19 324.266
1167.3 692.221
1167.33 541.265
1167.43 356.889
1167.43 356.889
1167.6 486.95
1167.6 486.95
1167.63 489.842
1167.96 408.823
1168.01 342.69
1168.05 288.043
1168.12 428.058
1168.16 370.74
1168.18 507.287
1168.42 623.392
1168.45 467.174
1168.59 318.732
1168.6 256.026
1168.66 354.947
1168.69 393.662
1168.98 294.597
1169.05 315.872
1169.1 533.093
1169.1 533.093
1169.17 298.124
1169.17 298.124
1169.17 298.124
1169.32 418.106
1169.32 418.106
1169.42 454.823
1169.45 330.411
1169.51 662.971
1169.53 397.122
1169.57 313.338
1169.63 599.813
1169.9 538.37
1169.9 538.37
1169.91 364.959
1169.91 364.959
1170 583.524
1170.01 445.254
1170.19 694.674
1170.31 476.415
1170.41 601.615
1170.63 575.678
1170.64 375.439
1171.14 407.426
1171.17 543.215
1171.2 691.97
1171.2 322.078
1171.2 322.078
1171.35 516.852
1171.57 493.843
1171.67 521.592
1172.19 648.469
1172.23 285.648
1172.3 410.535
1172.31 310.981
1172.33 357.165
1172.33 357.165
1172.33 591.293
1172.38 734.637
1172.39 510.038
1172.5 541.524
1172.54 300.839
1172.6 490.268
1172.6 490.268
1172.62 400.496
1172.86 469.188
1172.95 479.508
1172.97 701.442
1173.05 420.884
1173.05 420.884
1173.14 475.177
1173.17 548.761
1173.39 662.924
1173.39 662.924
1173.56 330.881
1173.73 650.141
1173.79 505.195
1173.79 505.195
1173.85 390.995
1173.93 259.911
1173.93 253.762
1174.01 466.361
1174.07 597.562
1174.1 345.364
1174.15 361.995
1174.2 339.408
1174.44 516.68
1174.53 292.357
1174.53 292.357
1174.99 529.964
1175.1 486.23
1175.15 320.812
1175.35 308.957
1175.54 526.148
1175.55 565.251
1175.82 373.368
1175.82 373.368
1175.83 498.339
1175.95 514.821
1176.07 367.346
1176.14 304.073
1176.15 339.273
1176.21 481.659
1176.21 481.659
1176.24 555.281
1176.25 452.106
1176.46 469.181
1176.66 465.98
1176.66 465.98
1176.83 489.421
1176.86 656.642
1176.86 656.642
1176.87 405.938
1177.04 395.476
1177.04 412.713
1177.04 312.922
1177.22 440.106
1177.32 249.693
1177.45 511.708
1177.53 326.716
1177.58 419.829
1177.63 548.138
1177.65 532.76
1177.67 298.526
1177.84 318.19
1177.86 335.36
1177.86 335.36
1178.06 237.679
1178.09 359.399
1178.5 701.427
1178.72 503.325
1178.82 575.444
1178.91 384.187
1178.95 424.292
1179.03 342.124
1179.08 588.823
1179.23 277.484
1179.43 293.675
1179.57 380.835
1179.58 353.373
1179.58 353.373
1179.73 516.06
1179.77 255.532
1179.79 423.535
1179.92 525.614
1179.94 273.736
1179.99 367.464
1179.99 367.464
1180.03 314.619
1180.03 314.619
1180.12 646.212
1180.16 306.389
1180.17 536.984
1180.29 475.455
1180.32 558.891
1180.49 461.818
1180.63 467.046
1180.69 300.592
1180.81 331.997
1180.81 331.997
1181.05 398.348
1181.11 509.183
1181.46 376.465
1181.55 461.489
1181.62 549.772
1181.85 485.273
1181.9 478.958
1181.94 382.033
1181.95 454.934
1181.97 561.633
1182.07 553.423
1182.15 470.993
1182.18 270.491
1182.25 536.279
1182.35 589.359
1182.38 362.043
1182.49 440.678
1182.52 351.403
1182.65 447.126
1182.81 642.104
1182.88 495.112
1182.97 356.904
1183 405.974
1183 405.974
1183.02 315.63
1183.04 519.37
1183.21 651.553
1183.22 451.282
1183.29 564.179
1183.39 306.398
1183.51 300.511
1183.61 414.874
1183.63 463.871
1183.65 685.087
1183.87 398.891
1183.87 398.891
1183.87 333.925
1183.87 333.925
1183.88 378.596
1183.89 286.149
1183.96 458.422
1184.02 491.243
1184.08 373.796
1184.16 321.624
1184.19 560.5
1184.43 502.911
1184.63 522.292
1184.64 444.143
1184.64 444.143
1184.8 262.728
1184.8 262.728
1184.97 311.075
1185.01 472.424
1185.06 551.698
1185.21 278.213
1185.22 500.007
1185.22 500.007
1185.42 351.6
1185.43 572.049
1185.43 572.049
1185.56 257.495
1185.62 410.843
1185.7 268.153
1185.88 305.432
1185.96 521.663
1186.08 563.079
1186.08 563.079
1186.2 703.22
1186.22 369.39
1186.32 428.673
1186.45 496.044
1186.45 496.044
1186.45 484.067
1186.52 532.79
1186.57 436.756
1186.58 543.487
1186.6 556.651
1186.66 357.371
1186.66 357.371
1186.68 316.516
1186.68 316.516
1187.02 700.546
1187.09 405.197
1187.16 327.236
1187.27 312.769
1187.27 312.769
1187.34 485.719
1187.38 566.994
1187.38 566.994
1187.45 512.773
1187.49 551.151
1187.49 551.151
1187.52 521.864
1187.52 521.864
1187.7 240.375
1187.94 537.934
1187.94 537.934
1188.19 580.291
1188.19 580.291
1188.25 469.127
1188.26 389.522
1188.27 354.737
1188.28 625.508
1188.3 478.133
1188.31 276.66
1188.35 301.983
1188.35 301.983
1188.74 432.655
1188.79 451.033
1188.95 336.773
1189.02 395.096
1189.06 586.967
1189.06 586.967
1189.19 528.508
1189.28 493.278
1189.28 493.278
1189.36 397.949
1189.39 487.899
1189.39 487.899
1189.59 457.798
1189.74 561.632
1189.82 231.169
1189.84 299.301
1189.84 299.301
1189.89 569.49
1190.13 420.298
1190.13 420.298
1190.18 416.679
1190.28 646.543
1190.32 470.711
1190.39 330.991
1190.4 590.106
1190.48 347.727
1190.65 481.652
1190.66 305.697
1190.66 305.697
1190.68 501.827
1190.68 481.847
1190.79 372.55
1190.79 372.55
1190.88 510.717
1190.91 449.128
1190.91 449.128
1191.26 501.338
1191.71 442.002
1191.89 552.903
1191.93 318.542
1191.93 318.542
1191.95 430.851
1191.95 430.851
1192.11 631.04
1192.12 308.109
1192.22 406.561
1192.4 274.317
1192.44 537.563
1192.44 537.563
1192.46 555.291
1192.7 351.723
1192.7 351.723
1192.86 563.439
1192.95 583.988
1192.96 459.911
1192.96 459.911
1193.01 484.435
1193.09 473.23
1193.11 477.888
1193.23 279.634
1193.37 446.336
1193.5 395.954
1193.63 642.809
1193.96 236.293
1193.96 236.293
1193.96 236.293
1193.98 330.257
1194.13 302.402
1194.13 302.402
1194.32 293.495
1194.32 293.495
1194.36 399.785
1194.55 372.008
1194.61 354.13
1195.05 361.2
1195.06 573.246
1195.16 586.856
1195.16 586.856
1195.21 551.754
1195.21 551.754
1195.43 541.061
1195.46 591.236
1195.48 403.949
1195.54 523.205
1195.66 595.439
1195.69 509.084
1195.73 566.375
1195.94 347.969
1195.94 461.619
1195.96 407.894
1195.96 642.572
1196.09 636.189
1196.19 545.354
1196.28 515.479
1196.44 478.445
1196.49 368.959
1196.51 486.602
1196.82 375.455
1196.82 375.455
1196.82 375.455
1196.91 241.69
1197.01 599.448
1197.01 407.537
1197.1 430.559
1197.36 226.852
1197.4 385.611
1197.4 385.611
1197.43 557.242
1197.43 255.418
1197.64 465.012
1197.64 465.012
1197.8 721.242
1197.82 497.829
1197.82 497.829
1198.07 252.516
1198.08 337.615
1198.12 393.02
1198.12 393.02
1198.26 344.342
1198.38 274.452
1198.44 329.551
1198.46 319.923
1198.58 313.701
1198.63 366.934
1198.75 671.779
1198.75 483.91
1198.78 416.755
1199.11 372.918
1199.17 646.154
1199.4 410.555
1199.64 520.508
1199.64 520.508
1199.65 355.696
1199.69 478.645
1199.73 400.377
1199.73 400.377
1199.81 602.524
1199.91 280.342
1199.92 549.615
1199.99 448.943
1200.18 455.742
1200.18 455.742
1200.18 455.742
1200.23 580.439
1200.3 295.597
1200.34 243.269
1200.35 275.293
1200.44 503.721
1200.51 567.625
1200.71 353.155
1200.77 332.328
1200.77 627.748
1200.79 466.4
1200.9 267.66
1201.21 307.36
1201.27 391.171
1201.28 525.826
1201.28 525.826
1201.3 263.695
1201.3 263.695
1201.43 618.674
1201.44 509.98
1201.49 426.188
1201.63 226.245
1201.63 226.245
1201.64 380.094
1201.69 315.129
1201.86 443.955
1202.07 406.466
1202.07 406.466
1202.19 260.437
1202.23 422.655
1202.47 496.132
1202.57 302.202
1202.62 320.784
1202.72 400.659
1202.79 583.32
1202.86 610.148
1203.14 581.206
1203.18 311.836
1203.2 271.873
1203.23 469.926
1203.28 517.739
1203.48 416.207
1203.5 490.51
1203.56 569.092
1203.76 558.546
1203.8 300.815
1203.87 500.628
1203.87 500.628
1203.95 532.98
1204.14 356.305
1204.29 280.634
1204.59 393.561
1204.98 472.372
1205.35 338.365
1205.53 541.896
1205.67 308.319
1205.69 686.319
1205.76 572.441
1205.92 318.746
1205.92 318.746
1206.01 580.129
1206.12 401.562
1206.36 506.509
1206.46 492.767
1206.46 688.814
1206.46 585.826
1206.5 346.321
1206.7 639.462
1206.76 324.99
1206.87 474.799
1206.87 474.799
1206.88 228.46
1206.96 295.123
1207.06 497.436
1207.2 522.08
1207.2 522.08
1207.23 454.728
1207.31 551.227
1207.31 551.227
1207.63 382.212
1207.73 557.569
1207.82 395.764
1208.13 645.582
1208.4 255.127
1208.42 285.082
1208.58 441.363
1208.58 441.363
1208.64 250.568
1208.73 377.712
1208.86 530.21
1209.07 362.671
1209.23 434.485
1209.24 374.917
1209.32 488.531
1209.4 461.43
1209.48 368.747
1209.48 368.747
1209.52 385.264
1209.59 585.014
1209.63 344.257
1209.64 504.59
1209.68 298.082
1209.71 481.386
1209.72 348.992
1209.72 348.992
1209.75 449.766
1209.85 523.972
1209.85 523.972
1209.88 237.511
1209.88 237.511
1209.99 499.217
1210.38 422.242
1210.65 478.694
1210.76 501.53
1210.76 501.53
1211.03 566.979
1211.17 223.2
1211.4 485.364
1211.43 591.434
1211.6 576.001
1211.65 294.728
1211.65 294.728
1211.73 411.201
1211.73 411.201
1211.76 404.415
1211.76 404.415
1211.83 306.767
1211.86 559.039
1211.91 417.928
1212.02 579.698
1212.1 389.409
1212.58 230.561
1212.63 457.408
1212.65 394.629
1212.73 329.863
1212.92 324.016
1212.95 409.595
1212.98 436.725
1212.98 436.725
1212.98 342.395
1213.01 507.078
1213.04 470.315
1213.04 470.315
1213.05 551.374
1213.38 572.61
1213.44 440.119
1213.49 449.169
1213.51 351.716
1213.52 397.822
1213.52 252.375
1213.58 368.625
1213.6 375.501
1213.71 594.677
1213.71 594.677
1213.75 326.912
1213.78 562.21
1214.13 362.693
1214.29 466.451
1214.36 569.579
1214.55 546
1214.59 590.158
1214.76 513.368
1215.13 521.556
1215.31 287.902
1215.4 566.422
1215.4 566.422
1215.49 525.522
1215.49 525.522
1215.6 419.31
1215.6 419.31
1215.61 481.701
1215.61 481.701
1215.86 534.877
1216.11 442.398
1216.35 365.566
1216.35 365.566
1216.38 370.289
1216.5 424.776
1216.51 457.635
1216.69 434.812
1216.9 607.988
1216.9 573.084
1216.97 492.354
1216.97 388.608
1217.21 332.844
1217.21 332.844
1217.32 233.358
1217.32 233.358
1217.32 233.358
1217.34 360.387
1217.35 594.879
1217.36 540.467
1217.36 406.487
1217.48 483.682
1217.5 484.964
1217.58 413.303
1217.58 413.303
1217.62 296.97
1217.84 474.304
1217.95 577.904
1217.95 577.904
1217.95 620.862
1218 266.849
1218.33 306.959
1218.36 613.764
1218.63 403.034
1218.69 254.212
1218.72 618.174
1218.72 269.995
1218.78 555.446
1218.78 555.446
1218.9 382.345
1218.93 445.881
1218.94 324.407
1218.99 343.437
1219.13 422.391
1219.16 467.872
1219.2 357.127
1219.2 357.127
1219.21 512.747
1219.21 512.747
1219.23 460.608
1219.27 464.396
1219.38 519.137
1219.42 375.066
1219.62 280.641
1219.7 479.559
1219.89 441.32
1219.89 441.32
1219.91 379.511
1219.91 379.511
1219.94 529.96
1219.99 536.564
1220.03 302.315
1220.04 506.433
1220.2 581.172
1220.29 367.508
1220.59 587.96
1220.6 599.471
1220.61 483.199
1220.72 388.3
1220.72 388.3
1220.72 388.3
1220.83 497.491
1221.13 572.065
1221.35 566.878
1221.53 448.656
1221.53 398.498
1221.59 500.712
1221.61 292.3
1221.67 287.813
1221.77 354.684
1221.81 371.159
1221.91 391.801
1222.11 425.589
1222.27 558.069
1222.27 558.069
1222.51 444.698
1222.63 546.918
1222.63 546.918
1222.67 404.882
1222.79 360.059
1222.79 486.009
1222.96 257.754
1222.96 257.754
1223 575.755
1223.43 252.147
1223.62 580.132
1223.62 580.132
1223.65 243.697
1223.76 431.607
1223.83 461.489
1223.84 550.563
1223.86 277.5
1223.95 325.505
1224.25 239.09
1224.26 505.061
1224.26 505.061
1224.36 475.854
1224.85 530.409
1224.86 298.344
1224.87 524.899
1225.06 352.415
1225.1 351.46
1225.1 345.007
1225.1 345.007
1225.24 310.312
1225.24 310.312
1225.32 458.181
1225.32 458.181
1225.37 461.496
1225.37 461.496
1225.46 577.396
1225.5 420.321
1225.59 403.764
1225.79 566.008
1225.97 582.262
1226.03 370.506
1226.03 370.506
1226.08 540.167
1226.2 495.644
1226.42 537.353
1226.57 427.332
1226.66 469.065
1226.69 472.982
1226.75 362.735
1226.93 479.712
1227 322.938
1227.01 443.388
1227.11 331.373
1227.35 322.569
1227.36 319.461
1227.66 439.021
1227.81 251.6
1227.81 251.6
1227.84 523.009
1227.84 523.009
1227.84 523.009
1227.99 490.427
1228.02 415.008
1228.03 352.612
1228.13 510.095
1228.13 510.095
1228.25 367.213
1228.25 367.213
1228.26 236.643
1228.31 300.001
1228.33 587.004
1228.42 342.174
1228.42 342.174
1228.5 577.424
1228.51 454.324
1228.6 555.144
1228.7 419.722
1228.98 567.869
1228.99 287.522
1229 515.262
1229 515.262
1229.06 463.432
1229.12 280.908
1229.16 565.097
1229.25 433.889
1229.33 597.154
1229.44 497.841
1229.46 371.874
1229.56 408.254
1229.63 273.246
1229.79 540.283
1229.83 444.515
1229.99 589.009
1230.39 409.607
1230.49 375.057
1230.5 679.453
1230.66 401.171
1230.75 531.887
1230.85 557.842
1231.04 344.687
1231.21 570.247
1231.37 383.325
1231.37 383.325
1231.41 430.148
1231.54 368.289
1231.57 552.434
1231.58 583.195
1231.6 254.362
1231.6 254.362
1231.6 254.362
1231.66 573.572
1231.76 240.448
1231.79 293.319
1231.92 356.159
1231.92 356.159
1232.03 460.043
1232.04 285.15
1232.04 285.15
1232.51 401.937
1232.72 394.067
1232.83 522.198
1232.84 465.57
1232.84 465.57
1232.93 246.055
1232.94 486.12
1232.95 454.258
1232.95 454.258
1233.03 700.128
1233.07 538.932
1233.11 491.083
1233.12 506.084
1233.23 479.647
1233.23 479.647
1233.39 438.428
1233.45 566.819
1233.53 338.514
1233.55 674.032
1233.92 412.836
1234.03 525.475
1234.13 398.017
1234.16 564.719
1234.23 422.239
1234.29 259.958
1234.52 370.06
1234.71 443.55
1234.78 508.952
1234.85 465.326
1234.94 555.434
1234.94 555.434
1235.07 580.295
1235.08 269.621
1235.09 324.291
1235.34 568.841
1235.4 588.362
1235.86 341.828
1235.89 381.673
1235.92 284.038
1235.92 392.064
1235.93 551.116
1236.12 277.356
1236.44 401.548
1236.48 540.01
1236.56 408.888
1236.66 573.468
1236.75 461.397
1236.83 591.692
1236.87 563.527
1237.06 446.97
1237.26 486.166
1237.35 297.339
1237.41 372.658
1237.43 310.83
1237.51 422.473
1237.51 482.536
1237.98 494.986
1237.98 494.986
1238.12 464.116
1238.12 490.905
1238.22 521.731
1238.32 641.905
1238.56 531.832
1238.56 338.012
1238.62 262.481
1238.64 347.482
1238.97 508.008
1239.04 241.251
1239.05 681.188
1239.21 388.323
1239.38 536.237
1239.41 284.846
1239.47 483.684
1239.52 240.875
1239.63 528.941
1239.69 321.478
1239.92 419.029
1240.01 333.379
1240.01 333.379
1240.01 333.379
1240.33 338.886
1240.65 470.72
1240.67 567.078
1240.71 562.717
1240.77 480.431
1240.86 577.125
1241.03 588.501
1241.36 593.337
1241.4 519.319
1241.53 415.292
1241.53 415.292
1241.56 558.81
1241.65 490.715
1241.65 490.715
1241.94 392.384
1242.33 476.649
1242.33 476.649
1242.4 459.818
1242.44 581.021
1242.47 348.067
1242.91 438.453
1242.96 310.706
1242.96 310.706
1243.01 358.888
1243.09 389.083
1243.1 451.657
1243.1 255.15
1243.17 455.54
1243.17 455.54
1243.21 261.941
1243.26 345.706
1243.26 345.706
1243.32 548.213
1243.36 333.328
1243.47 285.37
1243.51 507.936
1243.76 590.967
1243.83 424.79
1243.92 687.226
1244.11 481.593
1244.28 396.377
1244.36 265.725
1244.43 543.439
1244.5 343.418
1244.81 338.749
1244.82 556.531
1244.85 320.302
1244.85 320.302
1244.97 490.191
1244.97 490.191
1245.32 520.017
1245.34 301.545
1245.35 511.229
1245.35 511.229
1245.35 511.229
1245.39 487.02
1245.42 406.485
1245.43 563.295
1245.46 594.207
1245.5 529.82
1245.71 417.858
1245.72 551.665
1245.77 436.944
1246.01 364.063
1246.01 364.063
1246.02 402.871
1246.05 371.008
1246.05 371.008
1246.05 371.008
1246.11 294.096
1246.23 539.354
1246.38 353.702
1246.41 426.872
1246.6 476.602
1246.91 583.349
1247.02 394.957
1247.31 545.6
1247.43 556.349
1247.46 471.91
1247.46 471.91
1247.54 480.744
1247.54 480.744
1248.04 526.104
1248.11 262.554
1248.25 562.069
1248.3 490.601
1248.3 490.601
1248.32 248.882
1248.38 500.454
1248.38 500.454
1248.58 457.045
1248.66 308.266
1248.8 723.14
1248.87 469.125
1248.87 469.125
1249.14 344.169
1249.28 505.636
1249.31 565.171
1249.51 428.01
1249.58 421.755
1249.58 421.755
1250.05 556.695
1250.07 440.6
1250.12 320.009
1250.17 347.991
1250.81 403.838
1250.83 351.651
1250.83 351.651
1251.07 448.936
1251.51 533.297
1251.56 592.628
1251.59 538.432
1251.59 538.432
1252.16 463.085
1252.44 274.409
1252.45 424.975
1252.6 290.588
1252.7 446.157
1252.7 446.157
1252.93 484.094
1252.93 484.094
1252.98 400.2
1253.19 473.593
1253.19 473.593
1253.21 458.032
1253.26 480.077
1253.26 480.077
1253.29 561.329
1253.33 334.76
1253.38 377.964
1253.38 377.964
1253.38 377.964
1253.38 377.964
1253.43 354.814
1253.43 354.814
1253.7 342.57
1253.87 571.247
1253.92 285.655
1254.1 501.954
1254.32 502.838
1254.5 313.991
1254.51 540.866
1254.51 540.866
1254.58 524.354
1254.88 437.777
1255.06 486.347
1255.23 581.056
1255.3 268.221
1255.5 360.787
1255.87 421.345
1255.88 446.047
1255.9 521.523
1256.41 416.605
1256.46 590.909
1256.56 544.413
1256.82 495.19
1256.92 583.957
1256.98 573.503
1256.98 573.503
1256.98 573.503
1257.13 685.211
1257.2 256.173
1257.2 256.173
1257.2 256.173
1257.21 332.43
1257.23 507.953
1257.26 340.458
1257.35 461.666
1257.46 439.145
1257.52 297.764
1257.71 559.368
1257.77 259.995
1257.85 451.829
1258.05 530.959
1258.05 530.959
1258.14 523.772
1258.3 248.301
1258.34 432.508
1258.52 679.46
1259.07 472.974
1259.38 527.137
1259.42 244.561
1259.78 314.188
1259.84 415.741
1259.84 569.82
1260.15 545.064
1260.25 681.061
1260.46 393.85
1260.49 411.821
1260.49 470.072
1260.56 454.638
1260.56 454.638
1260.69 509.33
1260.85 346.253
1261.19 490.235
1261.26 443.327
1261.56 283.311
1261.56 283.311
1261.93 436.425
1262.08 361.274
1262.13 357.011
1262.13 478.182
1262.25 289.832
1262.38 587.549
1262.45 426.565
1262.57 463.761
1262.78 527.156
1262.79 274.513
1262.81 255.999
1262.93 377.139
1262.95 553.28
1262.98 601.1
1263 497.698
1263 497.698
1263.11 534.679
1263.12 579.725
1263.12 579.725
1263.61 322.999
1263.64 366.053
1264.17 563.067
1264.21 487.484
1264.29 323.646
1264.51 694.138
1264.61 412.497
1264.94 327.128
1265.05 557.287
1265.17 308.215
1265.26 288.377
1265.46 290.171
1265.58 282.852
1265.79 570.189
1265.82 542.254
1265.82 542.254
1265.91 385.482
1265.91 385.482
1265.96 472.352
1266.17 449.043
1266.17 449.043
1266.3 467.315
1266.38 476.564
1266.52 463.432
1266.57 497.141
1266.58 433.754
1266.89 493.487
1266.94 531.054
1267.08 571.92
1267.32 377.376
1267.58 522.264
1267.61 258
1267.7 366.766
1267.78 263.108
1268 459.893
1268.12 373.508
1268.14 459.094
1268.22 579.243
1268.22 579.243
1268.33 362.583
1268.42 547.232
1268.69 564.861
1268.79 588.79
1269.2 527.643
1269.35 290.55
1270 584.78
1270.14 408.585
1270.29 402.377
1270.35 481.968
1270.35 481.968
1270.5 490.333
1270.5 490.333
1270.54 561.12
1270.62 465.699
1270.68 500.448
1270.85 261.686
1270.87 307.737
1271.11 413.689
1271.19 513.65
1271.25 294.285
1271.32 569.92
1271.49 256.659
1271.98 576.306
1272.07 472.642
1272.08 369.271
1272.13 367.131
1272.13 367.131
1272.23 555.616
1272.27 588.305
1272.28 314.635
1272.28 314.635
1272.32 274.186
1272.35 329.684
1272.36 323.469
1272.49 485.558
1272.49 485.558
1272.74 284.486
1272.78 782.899
1272.8 496.185
1273.05 420.617
1273.05 251.401
1273.14 572.519
1273.24 475.887
1273.67 505.902
1273.77 431.305
1273.96 551.618
1274.14 304.575
1274.42 407.382
1274.84 468.511
1274.95 545.536
1274.95 545.536
1274.99 371.667
1274.99 371.667
1275 416.368
1275.17 493.497
1275.2 250.636
1275.52 318.458
1275.64 502.164
1275.87 272.93
1275.87 272.93
1275.87 363.864
1276.24 514.46
1276.24 514.46
1276.34 508.983
1276.34 508.983
1276.49 280.233
1276.49 280.233
1276.77 552.447
1277.06 422.604
1277.09 267.501
1277.7 355.394
1277.8 483.254
1277.95 464.87
1278.12 574.314
1278.17 528
1278.18 560.893
1278.2 325.792
1278.24 276.382
1278.37 344.365
1278.68 555.78
1278.77 401.219
1279.11 590.713
1279.55 551.198
1279.55 551.198
1279.7 513.008
1279.85 584.599
1280.04 552.965
1280.04 552.965
1280.2 473.706
1280.47 324.585
1280.49 489.761
1280.74 333.63
1280.93 534.934
1280.98 408.467
1281.07 287.627
1281.4 558.157
1281.4 558.157
1281.56 432.273
1281.56 432.273
1281.79 480.349
1281.81 262.112
1282.06 501.665
1282.11 483.42
1282.23 518.051
1282.25 520.493
1282.25 520.493
1282.52 568.849
1282.52 568.849
1282.6 340.245
1282.62 331.231
1282.78 463.713
1282.78 463.713
1282.78 406.114
1282.86 680.185
1282.87 293.765
1282.91 269.832
1282.97 550.929
1283 524.087
1283.03 520.9
1283.41 593.331
1283.55 578.629
1283.75 422.429
1283.75 422.429
1283.76 543.525
1284.34 288.557
1284.61 434.736
1284.72 481.107
1284.92 410.812
1284.94 416.957
1285.13 414.191
1285.21 369.442
1285.27 549.954
1285.73 361.976
1285.86 477.271
1286.03 342.052
1286.05 536.885
1286.13 336.699
1286.15 684.123
1286.19 520.269
1286.19 520.269
1286.73 464.588
1286.81 287.62
1286.84 580.961
1287.07 490.217
1287.07 490.217
1287.32 367.214
1287.45 481.985
1288.09 555.948
1288.37 430.007
1288.38 283.945
1288.49 577.701
1288.61 561.218
1289 590.987
1289.65 574.336
1289.72 424.04
1289.73 599.847
1289.73 599.847
1289.79 512.285
1289.79 512.285
1290 526.944
1290.06 580.093
1290.29 478.265
1290.29 478.265
1290.43 413.05
1290.59 358.686
1290.68 516.083
1290.96 546.003
1291.04 557.374
1291.05 523.792
1291.05 523.792
1291.15 345.988
1291.15 345.988
1291.53 370.249
1291.59 530.628
1291.72 680.441
1291.77 684.67
1291.92 583.999
1291.93 440.7
1292.15 534.789
1292.38 775.561
1292.38 775.561
1292.75 574.333
1292.99 525.732
1293.32 519.184
1293.45 479.867
1293.46 350.361
1293.92 413.254
1294.05 586.389
1294.33 522.707
1294.42 367.29
1294.71 422.568
1294.83 474.236
1295.08 502.958
1295.43 572.704
1295.64 585.543
1296.32 362.585
1296.35 545.094
1297.32 680.307
1297.55 371.992
1297.6 379.213
1297.6 379.213
1297.81 538.97
1297.81 538.97
1298.56 579.334
1298.9 584.864
1299.58 553.751
1300.09 355.023
1300.28 516.215
1300.37 543.008
1301.08 378.944
1301.08 378.944
1301.78 524.004
1302.11 373.04
1302.18 540.049
1302.73 585.208
1302.83 540.789
1302.95 645.712
1303.03 367.859
1303.05 353.121
1303.96 544.45
1303.98 580.126
1304.56 537.127
1305.44 680.553
1305.66 369.424
1306.3 374.49
1306.94 355.897
1307.64 536.001
1310.43 361.637
1311.09 351.205
1311.33 540.514
1311.33 540.514
1311.43 536.015
1311.85 357.289
1312.1 510.619
1312.91 519.562
1313.64 679.4
1315.77 540.695
1315.77 540.695
1316.01 547.621
1316.09 547.92
1316.1 594.879
1316.15 565.643
1316.19 516.003
1316.69 522.026
1317.32 479.295
1317.8 536.283
1317.8 536.283
1318.56 610.14
1319.13 531.747
1319.72 540.267
1322.9 660.819
1324.58 532.659
1325.22 536.389
1325.6 601.79
1326.93 678.966
1327.92 654.181
1328.02 551.113
1328.13 682.804
1328.95 543.824
1328.95 543.824
1330.03 590.713
1330.67 586.902
1330.8 537.452
1330.84 524.706
1330.84 524.706
1331.52 545.926
1331.52 545.926
1331.81 786.24
1331.81 786.24
1331.91 786.048
1331.91 786.048
1332.33 642.302
1333.32 539.5
1333.35 612.865
1333.35 612.865
1333.58 623.459
1333.75 549.969
1333.79 677.599
1334.02 536.428
1334.33 587.666
1334.41 579.289
1334.74 605.987
1334.74 605.987
1336 601.481
1336.74 552.798
1337.38 539.002
1337.5 673.812
1337.91 641.259
1338.02 580.601
1338.83 610.797
1338.89 574.19
1340.19 637.289
1340.51 596.529
1340.54 543.638
1340.65 532.666
1341.09 578.963
1341.54 687.652
1342.63 591.135
1343.06 555.11
1343.28 563.587
1343.68 634.451
1343.97 690.598
1344.8 527.316
1344.93 580.32
1348 570.347
1348 570.347
1348.62 575.236
1348.69 512.738
1348.69 512.738
1348.93 522.833
1350.15 528.743
1350.46 567.592
1350.63 593.845
1351.23 595.914
1351.96 553.359
1351.96 553.359
1352.44 687.919
1353.58 583.219
1353.59 520.297
1354.29 563.057
1354.56 506.392
1354.81 512.369
1355.48 639.941
1355.48 639.941
1356.23 539.813
1356.58 517.733
1356.58 517.733
1357.61 501.169
1358.03 552.941
1358.68 530.331
1359.72 574.996
1359.93 584.015
1360.03 547.223
1360.13 508.329
1360.96 514.076
1360.96 514.076
1361.91 522.159
1362.12 506.263
1362.21 526.409
1363.04 583.783
1363.65 552.49
1364.28 543.088
1364.74 668.886
1364.8 570.397
1365 548.058
1365.59 517.688
1366.41 558.322
1366.53 566.431
1366.74 609.298
1366.74 609.298
1367.14 495.573
1367.87 717.201
1368.03 547.043
1368.03 547.043
1368.38 537.144
1368.47 583.414
1368.59 675.704
1368.95 531.366
1369.13 679.827
1369.68 509.051
1369.75 519.048
1369.94 554.765
1370.01 540.672
1370.01 540.672
1370.05 522.681
1370.75 550.391
1370.75 550.391
1371.07 515.637
1371.07 515.637
1371.08 560.248
1371.37 564.374
1372.02 493.465
1372.07 525.782
1372.07 525.782
1372.75 524.814
1372.95 536.362
1373.11 487.665
1373.53 481.028
1373.78 478.163
1374.06 580.59
1374.33 571.271
1374.33 571.271
1374.36 555.13
1374.46 562.489
1374.72 486.471
1374.72 486.471
1374.9 588.41
1376.05 527.597
1376.05 527.597
1376.09 518.818
1376.45 474.173
1376.45 474.173
1376.81 531.132
1376.81 531.132
1377.26 562.912
1377.84 577.425
1378 583.951
1378.1 524.329
1378.17 565.889
1378.17 565.889
1378.8 608.166
1378.8 608.166
1379.1 536.593
1379.1 536.593
1380.64 550.885
1381.01 561.297
1381.01 589.377
1381.17 523.005
1381.78 491.31
1381.78 491.31
1381.78 491.31
1382.12 581.804
1382.65 554.111
1382.78 705.804
1383.04 542.764
1383.2 506.522
1383.8 488.217
1383.8 530.488
1384.41 578.433
1384.45 515.841
1385.18 497.134
1385.18 497.134
1385.27 484.3
1386.61 528.851
1386.66 561.045
1386.77 522.048
1386.77 522.048
1386.85 596.831
1387.66 551.061
1387.85 582.315
1387.96 555.059
1387.96 555.059
1387.98 546.092
1388.54 571.533
1389.6 505.746
1389.78 516.589
1390.03 540.069
1390.68 511.838
1391.55 544.443
1391.79 502.136
1392.02 673.044
1392.23 788.613
1393.35 497.604
1394.08 547.901
1394.33 491.217
1394.73 558.489
1394.87 554.803
1394.95 543.102
1395.93 630.072
1396.69 536.773
1397.22 503.054
1397.41 520.313
1397.53 512.296
1398.18 506.906
1399.46 491.09
1400.07 550.705
1400.25 540.009
1400.58 565.801
1400.73 527.521
1401.89 523.129
1402.07 559.254
1402.3 682.719
1402.81 508.311
1403.32 622.494
1403.78 537.622
1404.05 517.586
1404.05 517.586
1404.56 801.364
1404.73 590.481
1404.74 553.338
1405.16 512.502
1407.38 574.206
1407.52 543.763
1407.52 543.763
1407.79 704.047
1411.21 522.279
1413.07 796.504
1413.07 796.504
1414.26 589.966
1415.17 554.098
1415.79 540.063
1419.83 585.753
1419.89 700.292
1424.28 590.029
1430.62 605.781
1431.79 596.647
1431.79 596.647
1437.14 440.56
1438.7 583.131
1442.95 799.399
1442.95 799.399
1443.94 591.133
1448.59 600.461
1449.79 550.327
1449.9 581.583
1450.01 570.697
1450.01 570.697
1450.06 557.409
1450.1 795.822
1450.66 593.513
1451.91 563.279
1452.39 642.413
1453.18 557.669
1453.18 557.669
1453.8 569.707
1453.8 569.707
1453.8 569.707
1454.61 561.2
1454.88 586.706
1458.16 564.466
1459.05 569.414
1460.07 583.92
1460.07 583.92
1461.77 595.069
1462.43 588.05
1463.35 556.706
1464.94 546.708
1464.94 546.708
1464.94 546.708
1465.08 565.137
1469.03 548.556
1470.39 563.098
1472.82 569.592
1473.41 545.289
1473.96 554.599
1476.69 595.281
1479.85 550.278
1479.85 550.278
1480.35 591.606
1481.89 620.03
1481.89 620.03
1482.57 600.571
1484.82 544.336
1485.62 555.36
1485.63 559.202
1487.64 659.314
1488.1 547.369
1488.33 553.709
1488.33 553.709
1491.41 568.855
1491.41 568.855
1491.44 649.397
1492.16 540.875
1492.34 564.607
1492.91 526.674
1493.34 586.485
1493.34 586.485
1494.5 550.443
1495.01 571.163
1495.01 571.163
1495.68 559.765
1495.7 589.957
1496.43 535.893
1496.43 535.893
1496.64 693.302
1497.1 593.946
1500.27 565.665
1500.27 565.665
1501.34 557.177
1502.53 576.017
1502.53 576.017
1502.69 549.236
1505.53 571.4
1506.32 579.408
1506.39 593.648
1506.97 540.584
1507.64 266.273
1507.75 588.214
1507.85 683.013
1507.86 561.43
1507.94 35.6353
1509.37 690.895
1510.06 579.219
1510.92 262.187
1515.49 704.677
1515.58 30.5662
1515.58 30.5662
1516.28 558.567
1516.88 298.809
1517.27 725.59
1518.5 641.27
1518.5 641.27
1518.93 544.528
1519.3 578.629
1520.25 694.332
1521.22 262.083
1521.78 34.7333
1522.8 550.195
1522.98 543.686
1523.34 520.976
1523.53 24.1325
1523.67 29.1533
1523.67 29.1533
1524.03 534.038
1524.09 566.341
1524.43 578.84
1524.43 578.84
1526.08 630.014
1526.61 38.6114
1526.87 569.335
1527.27 524.329
1527.43 541.781
1527.45 574.434
1530.85 551.489
1531.8 565.294
1532.63 575.97
1534.34 702.357
1535.38 665.857
1535.69 679.387
1535.74 558.543
1543.52 516.409
1543.52 516.409
1545.58 585.414
1546.16 585.309
1549.87 700.525
1553.12 564.257
1553.12 564.257
1554.16 728.712
1555.3 640.227
1560.83 581.01
1561.67 675.957
1561.91 655.886
1562.58 15.1683
1565.72 514.12
1565.72 514.12
1566.75 546.062
1568.12 647.034
1570.41 683.916
1573.54 496.467
1573.54 496.467
1573.54 496.467
1574.45 675.143
1574.45 675.143
1575.15 570.443
1578.03 697.792
1578.38 21.2448
1578.38 21.2448
1579.7 580.729
1579.78 546.082
1580.19 513.787
1580.19 513.787
1580.26 586.595
1581.99 495.367
1582.2 430.868
1582.7 576.229
1583.05 660.375
1583.86 563.29
1588.23 673.953
1588.5 586.873
1588.68 553.014
1588.68 553.014
1589.83 570.895
1589.9 682.777
1590.83 581.943
1593.25 573.44
1594.57 563.529
1594.57 563.529
1598.48 577.604
1598.53 573.114
1600.24 586.194
1603.38 582.875
1603.38 582.875
1608.9 592.048
1614.17 580.835
1617.03 570.348
1617.41 692.823
1619.98 451.344
1623.29 479.605
1623.29 479.605
1624.75 458.152
1626.03 445.271
1626.65 398.492
1627.2 575.902
1627.2 575.902
1627.85 532.524
1628.91 437.308
1629.1 569.005
1630.47 415.672
1630.73 580.911
1630.73 580.911
1631.16 464.846
1631.97 390.174
1635.04 475.264
1636.8 658.969
1637.71 394.478
1638.01 415.419
1641.07 469.445
1641.59 482.943
1643.01 390.091
1645.42 569.975
1645.45 411.138
1645.45 411.138
1646.05 414.548
1648.6 373.745
1650.39 406.753
1650.39 406.753
1651.18 427.944
1651.18 427.944
1651.3 381.864
1653.77 464.203
1653.77 464.203
1653.77 464.203
1654.49 566.58
1654.72 542.146
1656.43 362.389
1657.78 436.231
1658.69 368.608
1658.7 492.715
1658.7 492.715
1659.08 444.686
1659.08 444.686
1659.36 454.081
1660.12 548.374
1660.17 499.455
1660.34 540.861
1660.34 540.861
1661.01 533.094
1661.01 533.094
1661.08 532.625
1661.08 532.625
1661.15 481.846
1664.6 465.798
1665.26 502.597
1665.43 421.91
1665.57 477.052
1665.57 477.052
1666.06 345.55
1667.27 540.028
1668.09 492.411
1669.1 651.676
1669.69 497.196
1671.43 355.598
1671.75 475.822
1671.75 475.822
1671.75 475.822
1671.85 467.932
1671.98 545.056
1671.98 545.056
1672.46 442.252
1672.7 487.69
1675.15 466.578
1676.01 463.949
1676.08 432.106
1676.27 452.298
1676.69 527.342
1676.8 457.892
1676.8 457.892
1676.92 537.458
1678.26 442.073
1678.4 478.342
1678.99 544.115
1679.29 688.562
1679.53 503.775
1679.53 503.775
1679.95 686.259
1680.98 428.133
1681.69 360.807
1681.76 461.812
1682 521.474
1682.16 486.873
1682.23 521.311
1683.01 435.864
1685.06 1005.79
1687.16 456.102
1687.23 337.622
1687.61 514.049
1687.87 346.531
1688.06 485.053
1688.22 489.983
1689.88 541.04
1689.96 347.685
1689.97 425.836
1691.15 467.652
1691.63 400.475
1691.73 517.847
1692.04 481.616
1693.6 525.939
1693.95 472.497
1694.36 339.846
1695.77 515.186
1696.48 452.96
1698.12 426.615
1701.3 447.249
1701.64 465.64
1703.23 485.41
1703.57 490.057
1703.61 479.679
1704.08 1063.27
1704.53 437.459
1704.53 437.459
1705.05 407.507
1706.68 430.505
1706.75 422.932
1707.02 414.329
1708.24 444.785
1708.49 483.897
1710.06 449.176
1710.06 449.176
1710.18 436.932
1710.19 475.739
1711.05 500.821
1712.11 514.212
1713.68 455.253
1714.37 444.788
1714.4 467.236
1714.44 421.578
1715.37 431.873
1715.37 431.873
1717.04 603.893
1717.22 520.148
1719.76 421.122
1720.69 457.812
1720.87 480.037
1721.24 511.799
1721.32 412.001
1721.32 412.001
1721.35 990.268
1721.71 490.02
1721.71 490.02
1722.13 403.124
1722.36 545.458
1722.36 545.458
1722.49 449.183
1722.79 328.72
1723.16 431.821
1723.62 464.311
1724.89 434.919
1725.44 450.178
1725.56 389.353
1725.8 497.129
1726.11 389.672
1726.73 475.663
1727.32 411.46
1727.42 457.78
1728.65 423.02
1728.79 404.321
1728.89 441.923
1729.08 491.764
1730.87 1044.05
1731.07 417
1732.74 500.331
1733.01 480.723
1733.18 511.117
1733.25 408.736
1733.25 408.736
1733.53 452.172
1733.82 429.276
1733.9 440.951
1734.48 394.496
1734.58 488.036
1735.81 446.333
1736.25 506.102
1737.3 476.147
1737.88 465.731
1738.15 417.789
1738.41 518.08
1738.63 421.063
1738.64 498.617
1738.88 411.103
1739.38 482.912
1739.86 443.418
1740.06 436.188
1740.8 489.833
1741.2 452.195
1741.97 402.337
1741.97 402.337
1742.15 511.074
1742.15 511.074
1742.51 476.405
1743.1 468.225
1743.62 534.21
1744.1 389.554
1744.43 504.767
1745.65 518.832
1745.93 472.118
1745.98 475.551
1746.03 490.758
1746.44 315.169
1748.3 450.966
1748.3 450.966
1749.13 466.983
1749.13 466.983
1749.38 459.982
1749.41 480.807
1749.41 480.807
1750.3 1008.43
1750.68 420.337
1751.07 512.452
1751.07 512.452
1751.07 436.058
1751.73 476.172
1751.9 414.958
1752.21 491.227
1753.47 350.83
1753.55 540.906
1753.62 402.821
1754.7 485.56
1754.93 469.303
1755.52 379.832
1756.3 428.436
1758.63 1027.69
1759.15 1037.87
1759.27 538.664
1759.27 538.664
1759.6 501.312
1759.6 501.312
1759.95 474.012
1760.18 444.131
1760.71 483.015
1761.34 408.819
1761.45 513.041
1761.94 433.64
1761.96 452.506
1763.51 549.634
1763.93 390.368
1764.07 422.351
1764.07 422.351
1764.99 429.3
1766.93 489.278
1767.42 477.162
1767.43 541.985
1767.78 526.799
1767.97 536.666
1768.74 497.874
1769.54 434.634
1769.83 397.057
1770.48 506.368
1770.73 514.359
1770.85 458.296
1770.85 458.296
1771.82 410.217
1771.82 410.217
1771.94 482.766
1772.52 448.235
1772.98 1010.1
1773.01 402.619
1773.01 402.619
1773.37 316.883
1773.37 316.883
1773.76 489.663
1775.72 440.149
1775.92 422.971
1776.79 385.495
1776.79 385.495
1777.14 452.15
1777.33 329.907
1777.75 1028.61
1777.75 1028.61
1778.43 522.995
1778.71 493.775
1779.44 510.762
1779.91 486.153
1779.91 486.153
1780.07 519.262
1781.19 373.165
1781.19 373.165
1783 837.751
1783 837.751
1783.79 402.522
1784.05 392.139
1784.84 440.198
1785.09 487.172
1785.59 388.322
1785.76 510.224
1785.78 515.975
1786.91 451.712
1786.97 425.924
1787.03 309.864
1788.27 522.897
1788.39 379.788
1789.74 415.707
1790.03 506.73
1790.12 462.893
1790.69 433.269
1790.69 433.269
1790.79 534.64
1790.79 534.64
1790.9 632.534
1791.82 514.107
1793.97 492.107
1794.35 1022.16
1795.23 484.938
1795.81 506.833
1796.9 452.921
1798.84 383.359
1798.84 383.359
1800.2 502.981
1800.43 413.732
1800.62 394.639
1801.7 966.027
1801.7 966.027
1803.16 489.962
1803.28 1039.06
1803.89 325.992
1803.89 325.992
1805.29 314.845
1805.34 400.839
1805.49 464.293
1806.58 454.9
1806.78 515.179
1807 440.098
1807.27 431.895
1807.28 356.447
1807.5 407.176
1808.65 481.034
1809.21 927.797
1809.25 391.764
1810.05 446.237
1810.91 399.923
1810.97 498.217
1812.27 432.961
1812.42 419.658
1813.19 395.572
1817.66 410.213
1818.37 309.814
1821.26 512.013
1821.83 576.805
1822.08 1019.07
1822.49 391.103
1823.84 1012.76
1824.71 614.598
1824.71 614.598
1824.96 416.348
1827.75 446.042
1828.15 397.409
1828.15 397.409
1828.28 315.282
1828.79 635.086
1832.47 593.183
1832.55 404.212
1832.74 482.13
1832.81 423.968
1832.88 436.068
1834.56 442.081
1834.81 335.745
1837.37 431.716
1839.24 449.816
1839.65 1004.16
1840.23 399.855
1843.7 454.877
1843.7 454.877
1847.51 317.351
1847.91 431.844
1847.91 431.844
1848.88 450.431
1849.51 354.97
1850.2 459.325
1850.82 895.081
1851.3 604.111
1852.3 592.935
1852.3 592.935
1854.01 411.067
1854.01 411.067
1855.39 578.779
1856.74 345.206
1857.98 457.717
1859.22 434.886
1859.86 646.124
1860.48 441.033
1861.55 446.89
1861.75 545.573
1862.92 414.059
1863.96 458.677
1863.96 458.677
1865.9 779.185
1865.9 779.185
1868.14 336.132
1868.14 336.132
1868.46 438.491
1868.61 472.378
1869.33 455.86
1869.33 455.86
1870.09 382.391
1871.07 644.32
1872.6 904.753
1873.42 419.321
1873.46 856.312
1874.67 453.692
1876.3 360.192
1876.41 344.171
1877.59 465.697
1881.28 352.738
1881.28 352.738
1881.69 540.648
1881.89 644.439
1884.34 403.179
1885.61 479.315
1886.42 444.652
1886.96 626.616
1888.21 442.698
1888.42 632.618
1889.93 464.93
1891.26 393.741
1892.79 481.507
1894.02 360.015
1894.39 448.104
1894.39 448.104
1894.39 448.104
1896.25 402.411
1896.53 409.841
1897.22 431.072
1900.15 481.296
1900.17 1011.76
1900.17 1011.76
1904.31 780.274
1904.61 448.767
1907.09 433.991
1907.24 460.986
1909.42 554.718
1910.11 481.316
1910.21 1009.02
1910.73 491.314
1912.25 453.251
1912.44 405.606
1913.66 444.292
